frequency	V(onoise)
1.000000000000000e-002	1.794298e-006
1.023292992280754e-002	1.773789e-006
1.047128548050899e-002	1.753515e-006
1.071519305237606e-002	1.733474e-006
1.096478196143185e-002	1.713663e-006
1.122018454301963e-002	1.694079e-006
1.148153621496883e-002	1.674720e-006
1.174897554939529e-002	1.655583e-006
1.202264434617413e-002	1.636666e-006
1.230268770812381e-002	1.617966e-006
1.258925411794167e-002	1.599480e-006
1.288249551693134e-002	1.581207e-006
1.318256738556407e-002	1.563144e-006
1.348962882591653e-002	1.545288e-006
1.380384264602884e-002	1.527637e-006
1.412537544622754e-002	1.510189e-006
1.445439770745927e-002	1.492942e-006
1.479108388168207e-002	1.475892e-006
1.513561248436207e-002	1.459039e-006
1.548816618912481e-002	1.442379e-006
1.584893192461113e-002	1.425911e-006
1.621810097358929e-002	1.409632e-006
1.659586907437560e-002	1.393540e-006
1.698243652461744e-002	1.377633e-006
1.737800828749375e-002	1.361909e-006
1.778279410038922e-002	1.346367e-006
1.819700858609983e-002	1.331003e-006
1.862087136662867e-002	1.315815e-006
1.905460717963246e-002	1.300803e-006
1.949844599758045e-002	1.285964e-006
1.995262314968879e-002	1.271295e-006
2.041737944669528e-002	1.256795e-006
2.089296130854039e-002	1.242463e-006
2.137962089502231e-002	1.228296e-006
2.187761623949552e-002	1.214292e-006
2.238721138568339e-002	1.200449e-006
2.290867652767772e-002	1.186766e-006
2.344228815319921e-002	1.173241e-006
2.398832919019489e-002	1.159873e-006
2.454708915685028e-002	1.146658e-006
2.511886431509578e-002	1.133596e-006
2.570395782768862e-002	1.120685e-006
2.630267991895379e-002	1.107924e-006
2.691534803926913e-002	1.095309e-006
2.754228703338164e-002	1.082841e-006
2.818382931264451e-002	1.070517e-006
2.884031503126603e-002	1.058336e-006
2.951209226666382e-002	1.046296e-006
3.019951720402013e-002	1.034395e-006
3.090295432513587e-002	1.022633e-006
3.162277660168375e-002	1.011006e-006
3.235936569296278e-002	9.995151e-007
3.311311214825906e-002	9.881574e-007
3.388441561392020e-002	9.769315e-007
3.467368504525311e-002	9.658362e-007
3.548133892335749e-002	9.548701e-007
3.630780547701008e-002	9.440315e-007
3.715352290971719e-002	9.333193e-007
3.801893963205606e-002	9.227320e-007
3.890451449942799e-002	9.122682e-007
3.981071705534966e-002	9.019266e-007
4.073802778041120e-002	8.917060e-007
4.168693834703347e-002	8.816048e-007
4.265795188015920e-002	8.716220e-007
4.365158322401652e-002	8.617561e-007
4.466835921509623e-002	8.520061e-007
4.570881896148742e-002	8.423705e-007
4.677351412871973e-002	8.328482e-007
4.786300923226374e-002	8.234380e-007
4.897788193684452e-002	8.141387e-007
5.011872336272712e-002	8.049491e-007
5.128613839913638e-002	7.958681e-007
5.248074602497715e-002	7.868945e-007
5.370317963702516e-002	7.780273e-007
5.495408738576234e-002	7.692652e-007
5.623413251903479e-002	7.606073e-007
5.754399373371557e-002	7.520525e-007
5.888436553555877e-002	7.435996e-007
6.025595860743564e-002	7.352478e-007
6.165950018614807e-002	7.269958e-007
6.309573444801918e-002	7.188428e-007
6.456542290346540e-002	7.107878e-007
6.606934480075945e-002	7.028297e-007
6.760829753919802e-002	6.949676e-007
6.918309709189348e-002	6.872006e-007
7.079457843841361e-002	6.795278e-007
7.244359600749882e-002	6.719482e-007
7.413102413009155e-002	6.644610e-007
7.585775750291818e-002	6.570652e-007
7.762471166286897e-002	6.497601e-007
7.943282347242793e-002	6.425448e-007
8.128305161640970e-002	6.354184e-007
8.317637711026686e-002	6.283801e-007
8.511380382023739e-002	6.214292e-007
8.709635899560780e-002	6.145648e-007
8.912509381337429e-002	6.077863e-007
9.120108393559070e-002	6.010929e-007
9.332543007969883e-002	5.944838e-007
9.549925860214331e-002	5.879583e-007
9.772372209558078e-002	5.815157e-007
9.999999999999970e-002	5.751555e-007
1.023292992280751e-001	5.688768e-007
1.047128548050896e-001	5.626791e-007
1.071519305237603e-001	5.565618e-007
1.096478196143182e-001	5.505241e-007
1.122018454301960e-001	5.445656e-007
1.148153621496879e-001	5.386858e-007
1.174897554939526e-001	5.328839e-007
1.202264434617409e-001	5.271596e-007
1.230268770812378e-001	5.215122e-007
1.258925411794163e-001	5.159413e-007
1.288249551693130e-001	5.104465e-007
1.318256738556403e-001	5.050272e-007
1.348962882591649e-001	4.996830e-007
1.380384264602880e-001	4.944135e-007
1.412537544622749e-001	4.892184e-007
1.445439770745922e-001	4.840971e-007
1.479108388168202e-001	4.790495e-007
1.513561248436203e-001	4.740751e-007
1.548816618912476e-001	4.691736e-007
1.584893192461108e-001	4.643448e-007
1.621810097358924e-001	4.595884e-007
1.659586907437555e-001	4.549040e-007
1.698243652461738e-001	4.502916e-007
1.737800828749369e-001	4.457509e-007
1.778279410038916e-001	4.412817e-007
1.819700858609977e-001	4.368838e-007
1.862087136662861e-001	4.325572e-007
1.905460717963240e-001	4.283018e-007
1.949844599758038e-001	4.241174e-007
1.995262314968872e-001	4.200040e-007
2.041737944669521e-001	4.159616e-007
2.089296130854031e-001	4.119901e-007
2.137962089502223e-001	4.080897e-007
2.187761623949543e-001	4.042603e-007
2.238721138568330e-001	4.005020e-007
2.290867652767764e-001	3.968149e-007
2.344228815319912e-001	3.931992e-007
2.398832919019480e-001	3.896550e-007
2.454708915685020e-001	3.861825e-007
2.511886431509570e-001	3.827819e-007
2.570395782768853e-001	3.794534e-007
2.630267991895371e-001	3.761974e-007
2.691534803926904e-001	3.730140e-007
2.754228703338155e-001	3.699037e-007
2.818382931264442e-001	3.668667e-007
2.884031503126593e-001	3.639034e-007
2.951209226666373e-001	3.610142e-007
3.019951720402003e-001	3.581996e-007
3.090295432513577e-001	3.554598e-007
3.162277660168365e-001	3.527955e-007
3.235936569296268e-001	3.502069e-007
3.311311214825896e-001	3.476947e-007
3.388441561392009e-001	3.452592e-007
3.467368504525300e-001	3.429008e-007
3.548133892335738e-001	3.406202e-007
3.630780547700996e-001	3.384177e-007
3.715352290971707e-001	3.362938e-007
3.801893963205594e-001	3.342488e-007
3.890451449942787e-001	3.322831e-007
3.981071705534953e-001	3.303970e-007
4.073802778041107e-001	3.285907e-007
4.168693834703334e-001	3.268644e-007
4.265795188015906e-001	3.252182e-007
4.365158322401638e-001	3.236519e-007
4.466835921509609e-001	3.221653e-007
4.570881896148728e-001	3.207581e-007
4.677351412871959e-001	3.194295e-007
4.786300923226360e-001	3.181787e-007
4.897788193684438e-001	3.170046e-007
5.011872336272698e-001	3.159056e-007
5.128613839913623e-001	3.148798e-007
5.248074602497700e-001	3.139249e-007
5.370317963702500e-001	3.130379e-007
5.495408738576217e-001	3.122153e-007
5.623413251903462e-001	3.114531e-007
5.754399373371539e-001	3.107462e-007
5.888436553555859e-001	3.100887e-007
6.025595860743546e-001	3.094739e-007
6.165950018614789e-001	3.088939e-007
6.309573444801898e-001	3.083396e-007
6.456542290346520e-001	3.078004e-007
6.606934480075923e-001	3.072646e-007
6.760829753919780e-001	3.067187e-007
6.918309709189326e-001	3.061476e-007
7.079457843841339e-001	3.055346e-007
7.244359600749859e-001	3.048612e-007
7.413102413009133e-001	3.041071e-007
7.585775750291794e-001	3.032504e-007
7.762471166286873e-001	3.022676e-007
7.943282347242769e-001	3.011337e-007
8.128305161640945e-001	2.998231e-007
8.317637711026662e-001	2.983092e-007
8.511380382023716e-001	2.965654e-007
8.709635899560756e-001	2.945659e-007
8.912509381337403e-001	2.922858e-007
9.120108393559044e-001	2.897026e-007
9.332543007969856e-001	2.867968e-007
9.549925860214303e-001	2.835526e-007
9.772372209558049e-001	2.799592e-007
9.999999999999940e-001	2.760109e-007
1.023292992280748e+000	2.717082e-007
1.047128548050893e+000	2.670579e-007
1.071519305237600e+000	2.620733e-007
1.096478196143178e+000	2.567736e-007
1.122018454301957e+000	2.511842e-007
1.148153621496876e+000	2.453352e-007
1.174897554939522e+000	2.392609e-007
1.202264434617406e+000	2.329986e-007
1.230268770812374e+000	2.265875e-007
1.258925411794160e+000	2.200673e-007
1.288249551693126e+000	2.134777e-007
1.318256738556399e+000	2.068567e-007
1.348962882591645e+000	2.002403e-007
1.380384264602876e+000	1.936618e-007
1.412537544622746e+000	1.871512e-007
1.445439770745919e+000	1.807350e-007
1.479108388168198e+000	1.744360e-007
1.513561248436199e+000	1.682735e-007
1.548816618912472e+000	1.622635e-007
1.584893192461103e+000	1.564184e-007
1.621810097358920e+000	1.507478e-007
1.659586907437550e+000	1.452585e-007
1.698243652461734e+000	1.399551e-007
1.737800828749364e+000	1.348400e-007
1.778279410038911e+000	1.299136e-007
1.819700858609971e+000	1.251751e-007
1.862087136662855e+000	1.206224e-007
1.905460717963235e+000	1.162522e-007
1.949844599758032e+000	1.120605e-007
1.995262314968866e+000	1.080427e-007
2.041737944669515e+000	1.041938e-007
2.089296130854025e+000	1.005082e-007
2.137962089502217e+000	9.698034e-008
2.187761623949537e+000	9.360443e-008
2.238721138568323e+000	9.037461e-008
2.290867652767756e+000	8.728505e-008
2.344228815319905e+000	8.432997e-008
2.398832919019473e+000	8.150371e-008
2.454708915685012e+000	7.880072e-008
2.511886431509561e+000	7.621561e-008
2.570395782768844e+000	7.374318e-008
2.630267991895362e+000	7.137840e-008
2.691534803926895e+000	6.911642e-008
2.754228703338145e+000	6.695261e-008
2.818382931264432e+000	6.488251e-008
2.884031503126584e+000	6.290189e-008
2.951209226666363e+000	6.100668e-008
3.019951720401993e+000	5.919302e-008
3.090295432513567e+000	5.745721e-008
3.162277660168355e+000	5.579575e-008
3.235936569296257e+000	5.420531e-008
3.311311214825885e+000	5.268270e-008
3.388441561391999e+000	5.122492e-008
3.467368504525289e+000	4.982908e-008
3.548133892335727e+000	4.849248e-008
3.630780547700985e+000	4.721251e-008
3.715352290971696e+000	4.598671e-008
3.801893963205582e+000	4.481275e-008
3.890451449942775e+000	4.368839e-008
3.981071705534941e+000	4.261152e-008
4.073802778041094e+000	4.158012e-008
4.168693834703320e+000	4.059227e-008
4.265795188015892e+000	3.964615e-008
4.365158322401624e+000	3.874000e-008
4.466835921509595e+000	3.787218e-008
4.570881896148713e+000	3.704110e-008
4.677351412871944e+000	3.624524e-008
4.786300923226344e+000	3.548316e-008
4.897788193684422e+000	3.475348e-008
5.011872336272681e+000	3.405488e-008
5.128613839913606e+000	3.338610e-008
5.248074602497682e+000	3.274592e-008
5.370317963702482e+000	3.213319e-008
5.495408738576200e+000	3.154680e-008
5.623413251903443e+000	3.098568e-008
5.754399373371521e+000	3.044881e-008
5.888436553555840e+000	2.993520e-008
6.025595860743526e+000	2.944393e-008
6.165950018614769e+000	2.897407e-008
6.309573444801878e+000	2.852477e-008
6.456542290346500e+000	2.809517e-008
6.606934480075903e+000	2.768449e-008
6.760829753919760e+000	2.729194e-008
6.918309709189305e+000	2.691678e-008
7.079457843841318e+000	2.655829e-008
7.244359600749839e+000	2.621578e-008
7.413102413009112e+000	2.588859e-008
7.585775750291773e+000	2.557607e-008
7.762471166286851e+000	2.527761e-008
7.943282347242747e+000	2.499262e-008
8.128305161640922e+000	2.472053e-008
8.317637711026638e+000	2.446079e-008
8.511380382023690e+000	2.421286e-008
8.709635899560730e+000	2.397624e-008
8.912509381337378e+000	2.375045e-008
9.120108393559018e+000	2.353501e-008
9.332543007969829e+000	2.332947e-008
9.549925860214275e+000	2.313339e-008
9.772372209558020e+000	2.294636e-008
9.999999999999911e+000	2.276797e-008
1.023292992280745e+001	2.259785e-008
1.047128548050890e+001	2.243562e-008
1.071519305237597e+001	2.228093e-008
1.096478196143175e+001	2.213343e-008
1.122018454301953e+001	2.199280e-008
1.148153621496872e+001	2.185874e-008
1.174897554939519e+001	2.173093e-008
1.202264434617402e+001	2.160909e-008
1.230268770812370e+001	2.149295e-008
1.258925411794155e+001	2.138224e-008
1.288249551693122e+001	2.127672e-008
1.318256738556395e+001	2.117614e-008
1.348962882591641e+001	2.108026e-008
1.380384264602872e+001	2.098889e-008
1.412537544622741e+001	2.090179e-008
1.445439770745914e+001	2.081877e-008
1.479108388168193e+001	2.073964e-008
1.513561248436193e+001	2.066422e-008
1.548816618912466e+001	2.059232e-008
1.584893192461098e+001	2.052379e-008
1.621810097358914e+001	2.045847e-008
1.659586907437544e+001	2.039619e-008
1.698243652461728e+001	2.033683e-008
1.737800828749359e+001	2.028023e-008
1.778279410038905e+001	2.022628e-008
1.819700858609966e+001	2.017483e-008
1.862087136662849e+001	2.012578e-008
1.905460717963229e+001	2.007901e-008
1.949844599758026e+001	2.003440e-008
1.995262314968860e+001	1.999187e-008
2.041737944669509e+001	1.995130e-008
2.089296130854019e+001	1.991261e-008
2.137962089502211e+001	1.987570e-008
2.187761623949531e+001	1.984050e-008
2.238721138568317e+001	1.980691e-008
2.290867652767750e+001	1.977487e-008
2.344228815319899e+001	1.974430e-008
2.398832919019467e+001	1.971512e-008
2.454708915685006e+001	1.968728e-008
2.511886431509555e+001	1.966071e-008
2.570395782768838e+001	1.963535e-008
2.630267991895356e+001	1.961115e-008
2.691534803926889e+001	1.958804e-008
2.754228703338139e+001	1.956598e-008
2.818382931264425e+001	1.954492e-008
2.884031503126576e+001	1.952480e-008
2.951209226666355e+001	1.950560e-008
3.019951720401985e+001	1.948725e-008
3.090295432513559e+001	1.946973e-008
3.162277660168347e+001	1.945300e-008
3.235936569296249e+001	1.943701e-008
3.311311214825876e+001	1.942174e-008
3.388441561391990e+001	1.940715e-008
3.467368504525280e+001	1.939320e-008
3.548133892335717e+001	1.937988e-008
3.630780547700975e+001	1.936715e-008
3.715352290971686e+001	1.935498e-008
3.801893963205572e+001	1.934335e-008
3.890451449942765e+001	1.933223e-008
3.981071705534930e+001	1.932160e-008
4.073802778041084e+001	1.931144e-008
4.168693834703309e+001	1.930173e-008
4.265795188015881e+001	1.929245e-008
4.365158322401612e+001	1.928357e-008
4.466835921509583e+001	1.927508e-008
4.570881896148701e+001	1.926697e-008
4.677351412871931e+001	1.925921e-008
4.786300923226331e+001	1.925179e-008
4.897788193684408e+001	1.924470e-008
5.011872336272667e+001	1.923792e-008
5.128613839913592e+001	1.923143e-008
5.248074602497668e+001	1.922523e-008
5.370317963702468e+001	1.921931e-008
5.495408738576185e+001	1.921365e-008
5.623413251903428e+001	1.920824e-008
5.754399373371505e+001	1.920307e-008
5.888436553555824e+001	1.919813e-008
6.025595860743510e+001	1.919341e-008
6.165950018614752e+001	1.918890e-008
6.309573444801861e+001	1.918460e-008
6.456542290346482e+001	1.918049e-008
6.606934480075886e+001	1.917657e-008
6.760829753919741e+001	1.917284e-008
6.918309709189286e+001	1.916928e-008
7.079457843841298e+001	1.916588e-008
7.244359600749817e+001	1.916265e-008
7.413102413009089e+001	1.915958e-008
7.585775750291749e+001	1.915665e-008
7.762471166286827e+001	1.915387e-008
7.943282347242722e+001	1.915124e-008
8.128305161640897e+001	1.914874e-008
8.317637711026612e+001	1.914637e-008
8.511380382023664e+001	1.914413e-008
8.709635899560703e+001	1.914201e-008
8.912509381337350e+001	1.914002e-008
9.120108393558989e+001	1.913815e-008
9.332543007969800e+001	1.913639e-008
9.549925860214246e+001	1.913474e-008
9.772372209557990e+001	1.913320e-008
9.999999999999881e+001	1.913177e-008
1.023292992280742e+002	1.913045e-008
1.047128548050887e+002	1.912923e-008
1.071519305237594e+002	1.912811e-008
1.096478196143172e+002	1.912710e-008
1.122018454301950e+002	1.912618e-008
1.148153621496869e+002	1.912536e-008
1.174897554939515e+002	1.912464e-008
1.202264434617398e+002	1.912402e-008
1.230268770812367e+002	1.912349e-008
1.258925411794152e+002	1.912306e-008
1.288249551693118e+002	1.912273e-008
1.318256738556391e+002	1.912249e-008
1.348962882591637e+002	1.912235e-008
1.380384264602868e+002	1.912231e-008
1.412537544622737e+002	1.912236e-008
1.445439770745910e+002	1.912252e-008
1.479108388168189e+002	1.912277e-008
1.513561248436189e+002	1.912312e-008
1.548816618912462e+002	1.912358e-008
1.584893192461094e+002	1.912414e-008
1.621810097358910e+002	1.912481e-008
1.659586907437540e+002	1.912558e-008
1.698243652461723e+002	1.912647e-008
1.737800828749354e+002	1.912747e-008
1.778279410038901e+002	1.912858e-008
1.819700858609961e+002	1.912981e-008
1.862087136662844e+002	1.913117e-008
1.905460717963223e+002	1.913265e-008
1.949844599758021e+002	1.913426e-008
1.995262314968855e+002	1.913600e-008
2.041737944669504e+002	1.913788e-008
2.089296130854013e+002	1.913990e-008
2.137962089502205e+002	1.914207e-008
2.187761623949525e+002	1.914439e-008
2.238721138568311e+002	1.914687e-008
2.290867652767744e+002	1.914951e-008
2.344228815319892e+002	1.915232e-008
2.398832919019460e+002	1.915530e-008
2.454708915684999e+002	1.915847e-008
2.511886431509548e+002	1.916182e-008
2.570395782768831e+002	1.916538e-008
2.630267991895348e+002	1.916914e-008
2.691534803926880e+002	1.917311e-008
2.754228703338130e+002	1.917730e-008
2.818382931264417e+002	1.918173e-008
2.884031503126568e+002	1.918639e-008
2.951209226666347e+002	1.919131e-008
3.019951720401976e+002	1.919649e-008
3.090295432513550e+002	1.920194e-008
3.162277660168338e+002	1.920768e-008
3.235936569296240e+002	1.921372e-008
3.311311214825867e+002	1.922007e-008
3.388441561391981e+002	1.922674e-008
3.467368504525271e+002	1.923375e-008
3.548133892335708e+002	1.924112e-008
3.630780547700965e+002	1.924886e-008
3.715352290971676e+002	1.925698e-008
3.801893963205561e+002	1.926551e-008
3.890451449942754e+002	1.927446e-008
3.981071705534919e+002	1.928385e-008
4.073802778041073e+002	1.929371e-008
4.168693834703298e+002	1.930405e-008
4.265795188015869e+002	1.931489e-008
4.365158322401601e+002	1.932626e-008
4.466835921509571e+002	1.933818e-008
4.570881896148688e+002	1.935069e-008
4.677351412871918e+002	1.936379e-008
4.786300923226318e+002	1.937753e-008
4.897788193684394e+002	1.939193e-008
5.011872336272654e+002	1.940703e-008
5.128613839913578e+002	1.942284e-008
5.248074602497653e+002	1.943942e-008
5.370317963702453e+002	1.945678e-008
5.495408738576169e+002	1.947498e-008
5.623413251903413e+002	1.949405e-008
5.754399373371490e+002	1.951402e-008
5.888436553555808e+002	1.953494e-008
6.025595860743495e+002	1.955686e-008
6.165950018614736e+002	1.957981e-008
6.309573444801845e+002	1.960386e-008
6.456542290346465e+002	1.962904e-008
6.606934480075868e+002	1.965542e-008
6.760829753919722e+002	1.968304e-008
6.918309709189267e+002	1.971197e-008
7.079457843841279e+002	1.974226e-008
7.244359600749798e+002	1.977398e-008
7.413102413009070e+002	1.980720e-008
7.585775750291730e+002	1.984198e-008
7.762471166286807e+002	1.987840e-008
7.943282347242702e+002	1.991653e-008
8.128305161640876e+002	1.995645e-008
8.317637711026591e+002	1.999824e-008
8.511380382023643e+002	2.004200e-008
8.709635899560682e+002	2.008781e-008
8.912509381337328e+002	2.013576e-008
9.120108393558967e+002	2.018595e-008
9.332543007969777e+002	2.023850e-008
9.549925860214222e+002	2.029349e-008
9.772372209557966e+002	2.035106e-008
9.999999999999856e+002	2.041131e-008
1.023292992280739e+003	2.047436e-008
1.047128548050884e+003	2.054036e-008
1.071519305237591e+003	2.060941e-008
1.096478196143169e+003	2.068168e-008
1.122018454301947e+003	2.075729e-008
1.148153621496866e+003	2.083641e-008
1.174897554939512e+003	2.091919e-008
1.202264434617395e+003	2.100579e-008
1.230268770812363e+003	2.109639e-008
1.258925411794148e+003	2.119116e-008
1.288249551693115e+003	2.129028e-008
1.318256738556387e+003	2.139395e-008
1.348962882591633e+003	2.150236e-008
1.380384264602864e+003	2.161572e-008
1.412537544622733e+003	2.173424e-008
1.445439770745906e+003	2.185815e-008
1.479108388168185e+003	2.198766e-008
1.513561248436185e+003	2.212302e-008
1.548816618912458e+003	2.226447e-008
1.584893192461090e+003	2.241224e-008
1.621810097358905e+003	2.256660e-008
1.659586907437535e+003	2.272781e-008
1.698243652461718e+003	2.289613e-008
1.737800828749349e+003	2.307183e-008
1.778279410038895e+003	2.325518e-008
1.819700858609955e+003	2.344645e-008
1.862087136662839e+003	2.364592e-008
1.905460717963218e+003	2.385386e-008
1.949844599758015e+003	2.407054e-008
1.995262314968848e+003	2.429621e-008
2.041737944669497e+003	2.453112e-008
2.089296130854007e+003	2.477551e-008
2.137962089502199e+003	2.502960e-008
2.187761623949518e+003	2.529356e-008
2.238721138568305e+003	2.556757e-008
2.290867652767737e+003	2.585174e-008
2.344228815319885e+003	2.614614e-008
2.398832919019453e+003	2.645078e-008
2.454708915684992e+003	2.676562e-008
2.511886431509540e+003	2.709051e-008
2.570395782768823e+003	2.742521e-008
2.630267991895340e+003	2.776939e-008
2.691534803926873e+003	2.812255e-008
2.754228703338123e+003	2.848407e-008
2.818382931264409e+003	2.885314e-008
2.884031503126560e+003	2.922876e-008
2.951209226666339e+003	2.960971e-008
3.019951720401968e+003	2.999452e-008
3.090295432513541e+003	3.038145e-008
3.162277660168329e+003	3.076847e-008
3.235936569296231e+003	3.115325e-008
3.311311214825857e+003	3.153312e-008
3.388441561391971e+003	3.190508e-008
3.467368504525260e+003	3.226581e-008
3.548133892335697e+003	3.261166e-008
3.630780547700954e+003	3.293871e-008
3.715352290971664e+003	3.324280e-008
3.801893963205549e+003	3.351957e-008
3.890451449942742e+003	3.376459e-008
3.981071705534907e+003	3.397344e-008
4.073802778041060e+003	3.414184e-008
4.168693834703285e+003	3.426576e-008
4.265795188015855e+003	3.434161e-008
4.365158322401587e+003	3.436631e-008
4.466835921509556e+003	3.433750e-008
4.570881896148673e+003	3.425357e-008
4.677351412871903e+003	3.411382e-008
4.786300923226302e+003	3.391842e-008
4.897788193684379e+003	3.366851e-008
5.011872336272638e+003	3.336608e-008
5.128613839913562e+003	3.301396e-008
5.248074602497637e+003	3.261568e-008
5.370317963702436e+003	3.217535e-008
5.495408738576152e+003	3.169751e-008
5.623413251903396e+003	3.118698e-008
5.754399373371472e+003	3.064873e-008
5.888436553555789e+003	3.008769e-008
6.025595860743474e+003	2.950872e-008
6.165950018614716e+003	2.891641e-008
6.309573444801824e+003	2.831510e-008
6.456542290346444e+003	2.770873e-008
6.606934480075846e+003	2.710092e-008
6.760829753919701e+003	2.649485e-008
6.918309709189245e+003	2.589330e-008
7.079457843841256e+003	2.529870e-008
7.244359600749775e+003	2.471307e-008
7.413102413009045e+003	2.413811e-008
7.585775750291705e+003	2.357522e-008
7.762471166286781e+003	2.302548e-008
7.943282347242675e+003	2.248975e-008
8.128305161640849e+003	2.196866e-008
8.317637711026564e+003	2.146265e-008
8.511380382023615e+003	2.097200e-008
8.709635899560653e+003	2.049684e-008
8.912509381337299e+003	2.003719e-008
9.120108393558938e+003	1.959297e-008
9.332543007969747e+003	1.916402e-008
9.549925860214193e+003	1.875011e-008
9.772372209557936e+003	1.835097e-008
9.999999999999825e+003	1.796628e-008
1.023292992280736e+004	1.759568e-008
1.047128548050881e+004	1.723881e-008
1.071519305237588e+004	1.689528e-008
1.096478196143166e+004	1.656468e-008
1.122018454301944e+004	1.624661e-008
1.148153621496863e+004	1.594066e-008
1.174897554939509e+004	1.564643e-008
1.202264434617392e+004	1.536351e-008
1.230268770812360e+004	1.509150e-008
1.258925411794145e+004	1.483002e-008
1.288249551693111e+004	1.457867e-008
1.318256738556384e+004	1.433709e-008
1.348962882591630e+004	1.410491e-008
1.380384264602861e+004	1.388178e-008
1.412537544622729e+004	1.366736e-008
1.445439770745902e+004	1.346131e-008
1.479108388168181e+004	1.326331e-008
1.513561248436181e+004	1.307306e-008
1.548816618912454e+004	1.289025e-008
1.584893192461085e+004	1.271459e-008
1.621810097358901e+004	1.254581e-008
1.659586907437531e+004	1.238362e-008
1.698243652461714e+004	1.222778e-008
1.737800828749345e+004	1.207803e-008
1.778279410038891e+004	1.193414e-008
1.819700858609951e+004	1.179585e-008
1.862087136662834e+004	1.166296e-008
1.905460717963213e+004	1.153524e-008
1.949844599758010e+004	1.141249e-008
1.995262314968844e+004	1.129450e-008
2.041737944669493e+004	1.118107e-008
2.089296130854002e+004	1.107203e-008
2.137962089502194e+004	1.096718e-008
2.187761623949514e+004	1.086636e-008
2.238721138568300e+004	1.076940e-008
2.290867652767732e+004	1.067613e-008
2.344228815319880e+004	1.058639e-008
2.398832919019448e+004	1.050005e-008
2.454708915684986e+004	1.041694e-008
2.511886431509535e+004	1.033692e-008
2.570395782768818e+004	1.025988e-008
2.630267991895335e+004	1.018566e-008
2.691534803926867e+004	1.011415e-008
2.754228703338117e+004	1.004522e-008
2.818382931264403e+004	9.978754e-009
2.884031503126553e+004	9.914642e-009
2.951209226666332e+004	9.852775e-009
3.019951720401961e+004	9.793044e-009
3.090295432513534e+004	9.735349e-009
3.162277660168322e+004	9.679593e-009
3.235936569296224e+004	9.625682e-009
3.311311214825851e+004	9.573523e-009
3.388441561391964e+004	9.523032e-009
3.467368504525253e+004	9.474125e-009
3.548133892335689e+004	9.426719e-009
3.630780547700946e+004	9.380740e-009
3.715352290971657e+004	9.336111e-009
3.801893963205542e+004	9.292763e-009
3.890451449942734e+004	9.250628e-009
3.981071705534899e+004	9.209640e-009
4.073802778041051e+004	9.169739e-009
4.168693834703276e+004	9.130863e-009
4.265795188015846e+004	9.092957e-009
4.365158322401578e+004	9.055968e-009
4.466835921509547e+004	9.019844e-009
4.570881896148664e+004	8.984537e-009
4.677351412871894e+004	8.950002e-009
4.786300923226294e+004	8.916194e-009
4.897788193684370e+004	8.883074e-009
5.011872336272628e+004	8.850604e-009
5.128613839913552e+004	8.818748e-009
5.248074602497627e+004	8.787471e-009
5.370317963702425e+004	8.756745e-009
5.495408738576141e+004	8.726539e-009
5.623413251903383e+004	8.696827e-009
5.754399373371459e+004	8.667587e-009
5.888436553555777e+004	8.638793e-009
6.025595860743462e+004	8.610427e-009
6.165950018614703e+004	8.582472e-009
6.309573444801811e+004	8.554909e-009
6.456542290346430e+004	8.527726e-009
6.606934480075832e+004	8.500909e-009
6.760829753919687e+004	8.474450e-009
6.918309709189230e+004	8.448335e-009
7.079457843841241e+004	8.422560e-009
7.244359600749759e+004	8.397119e-009
7.413102413009030e+004	8.372005e-009
7.585775750291690e+004	8.347215e-009
7.762471166286766e+004	8.322748e-009
7.943282347242659e+004	8.298601e-009
8.128305161640832e+004	8.274774e-009
8.317637711026546e+004	8.251267e-009
8.511380382023596e+004	8.228082e-009
8.709635899560634e+004	8.205221e-009
8.912509381337279e+004	8.182687e-009
9.120108393558917e+004	8.160481e-009
9.332543007969725e+004	8.138608e-009
9.549925860214169e+004	8.117071e-009
9.772372209557911e+004	8.095872e-009
9.999999999999799e+004	8.075019e-009
1.023292992280734e+005	8.054512e-009
1.047128548050879e+005	8.034357e-009
1.071519305237585e+005	8.014557e-009
1.096478196143163e+005	7.995116e-009
1.122018454301941e+005	7.976036e-009
1.148153621496859e+005	7.957321e-009
1.174897554939506e+005	7.938974e-009
1.202264434617389e+005	7.920996e-009
1.230268770812357e+005	7.903391e-009
1.258925411794142e+005	7.886158e-009
1.288249551693108e+005	7.869298e-009
1.318256738556380e+005	7.852812e-009
1.348962882591626e+005	7.836700e-009
1.380384264602856e+005	7.820961e-009
1.412537544622725e+005	7.805594e-009
1.445439770745898e+005	7.790596e-009
1.479108388168177e+005	7.775966e-009
1.513561248436177e+005	7.761700e-009
1.548816618912449e+005	7.747794e-009
1.584893192461080e+005	7.734246e-009
1.621810097358896e+005	7.721050e-009
1.659586907437526e+005	7.708203e-009
1.698243652461709e+005	7.695697e-009
1.737800828749339e+005	7.683527e-009
1.778279410038886e+005	7.671687e-009
1.819700858609945e+005	7.660170e-009
1.862087136662828e+005	7.648969e-009
1.905460717963207e+005	7.638079e-009
1.949844599758004e+005	7.627488e-009
1.995262314968837e+005	7.617190e-009
2.041737944669486e+005	7.607178e-009
2.089296130853995e+005	7.597442e-009
2.137962089502187e+005	7.587973e-009
2.187761623949506e+005	7.578763e-009
2.238721138568292e+005	7.569803e-009
2.290867652767724e+005	7.561082e-009
2.344228815319872e+005	7.552591e-009
2.398832919019439e+005	7.544323e-009
2.454708915684978e+005	7.536264e-009
2.511886431509526e+005	7.528407e-009
2.570395782768808e+005	7.520741e-009
2.630267991895325e+005	7.513257e-009
2.691534803926857e+005	7.505943e-009
2.754228703338107e+005	7.498789e-009
2.818382931264393e+005	7.491786e-009
2.884031503126543e+005	7.484922e-009
2.951209226666322e+005	7.478188e-009
3.019951720401950e+005	7.471572e-009
3.090295432513523e+005	7.465063e-009
3.162277660168310e+005	7.458652e-009
3.235936569296212e+005	7.452327e-009
3.311311214825838e+005	7.446077e-009
3.388441561391951e+005	7.439891e-009
3.467368504525240e+005	7.433757e-009
3.548133892335676e+005	7.427665e-009
3.630780547700933e+005	7.421602e-009
3.715352290971643e+005	7.415557e-009
3.801893963205527e+005	7.409517e-009
3.890451449942719e+005	7.403472e-009
3.981071705534884e+005	7.397407e-009
4.073802778041036e+005	7.391312e-009
4.168693834703261e+005	7.385172e-009
4.265795188015831e+005	7.378974e-009
4.365158322401562e+005	7.372706e-009
4.466835921509531e+005	7.366352e-009
4.570881896148648e+005	7.359898e-009
4.677351412871877e+005	7.353331e-009
4.786300923226276e+005	7.346634e-009
4.897788193684352e+005	7.339791e-009
5.011872336272610e+005	7.332787e-009
5.128613839913533e+005	7.325604e-009
5.248074602497608e+005	7.318225e-009
5.370317963702406e+005	7.310631e-009
5.495408738576121e+005	7.302804e-009
5.623413251903363e+005	7.294723e-009
5.754399373371438e+005	7.286368e-009
5.888436553555755e+005	7.277718e-009
6.025595860743440e+005	7.268750e-009
6.165950018614681e+005	7.259441e-009
6.309573444801788e+005	7.249765e-009
6.456542290346407e+005	7.239697e-009
6.606934480075808e+005	7.229211e-009
6.760829753919662e+005	7.218278e-009
6.918309709189205e+005	7.206868e-009
7.079457843841215e+005	7.194952e-009
7.244359600749733e+005	7.182495e-009
7.413102413009004e+005	7.169465e-009
7.585775750291662e+005	7.155826e-009
7.762471166286737e+005	7.141540e-009
7.943282347242631e+005	7.126570e-009
8.128305161640804e+005	7.110874e-009
8.317637711026516e+005	7.094410e-009
8.511380382023566e+005	7.077133e-009
8.709635899560602e+005	7.058997e-009
8.912509381337245e+005	7.039956e-009
9.120108393558882e+005	7.019958e-009
9.332543007969690e+005	6.998952e-009
9.549925860214133e+005	6.976884e-009
9.772372209557875e+005	6.953699e-009
9.999999999999763e+005	6.929339e-009
1.023292992280730e+006	6.903746e-009
1.047128548050875e+006	6.876860e-009
1.071519305237581e+006	6.848619e-009
1.096478196143159e+006	6.818961e-009
1.122018454301937e+006	6.787821e-009
1.148153621496855e+006	6.755136e-009
1.174897554939502e+006	6.720840e-009
1.202264434617384e+006	6.684871e-009
1.230268770812352e+006	6.647163e-009
1.258925411794137e+006	6.607654e-009
1.288249551693103e+006	6.566283e-009
1.318256738556376e+006	6.522990e-009
1.348962882591621e+006	6.477718e-009
1.380384264602852e+006	6.430415e-009
1.412537544622720e+006	6.381031e-009
1.445439770745893e+006	6.329522e-009
1.479108388168172e+006	6.275848e-009
1.513561248436171e+006	6.219977e-009
1.548816618912444e+006	6.161884e-009
1.584893192461075e+006	6.101551e-009
1.621810097358890e+006	6.038969e-009
1.659586907437520e+006	5.974139e-009
1.698243652461703e+006	5.907069e-009
1.737800828749333e+006	5.837781e-009
1.778279410038879e+006	5.766308e-009
1.819700858609939e+006	5.692691e-009
1.862087136662822e+006	5.616986e-009
1.905460717963201e+006	5.539257e-009
1.949844599757998e+006	5.459586e-009
1.995262314968831e+006	5.378059e-009
2.041737944669479e+006	5.294778e-009
2.089296130853988e+006	5.209854e-009
2.137962089502180e+006	5.123408e-009
2.187761623949499e+006	5.035571e-009
2.238721138568285e+006	4.946480e-009
2.290867652767716e+006	4.856281e-009
2.344228815319864e+006	4.765126e-009
2.398832919019431e+006	4.673170e-009
2.454708915684969e+006	4.580573e-009
2.511886431509518e+006	4.487494e-009
2.570395782768800e+006	4.394098e-009
2.630267991895317e+006	4.300542e-009
2.691534803926849e+006	4.206986e-009
2.754228703338098e+006	4.113585e-009
2.818382931264383e+006	4.020491e-009
2.884031503126534e+006	3.927846e-009
2.951209226666312e+006	3.835790e-009
3.019951720401940e+006	3.744455e-009
3.090295432513513e+006	3.653960e-009
3.162277660168300e+006	3.564423e-009
3.235936569296201e+006	3.475946e-009
3.311311214825827e+006	3.388626e-009
3.388441561391939e+006	3.302547e-009
3.467368504525228e+006	3.217786e-009
3.548133892335665e+006	3.134408e-009
3.630780547700921e+006	3.052470e-009
3.715352290971631e+006	2.972018e-009
3.801893963205515e+006	2.893091e-009
3.890451449942707e+006	2.815715e-009
3.981071705534871e+006	2.739913e-009
4.073802778041023e+006	2.665693e-009
4.168693834703247e+006	2.593061e-009
4.265795188015817e+006	2.522013e-009
4.365158322401547e+006	2.452537e-009
4.466835921509516e+006	2.384615e-009
4.570881896148631e+006	2.318225e-009
4.677351412871860e+006	2.253336e-009
4.786300923226259e+006	2.189914e-009
4.897788193684334e+006	2.127920e-009
5.011872336272592e+006	2.067309e-009
5.128613839913514e+006	2.008036e-009
5.248074602497589e+006	1.950052e-009
5.370317963702387e+006	1.893305e-009
5.495408738576102e+006	1.837746e-009
5.623413251903344e+006	1.783326e-009
5.754399373371419e+006	1.730000e-009
5.888436553555735e+006	1.677728e-009
6.025595860743419e+006	1.626479e-009
6.165950018614660e+006	1.576234e-009
6.309573444801766e+006	1.526987e-009
6.456542290346385e+006	1.478753e-009
6.606934480075786e+006	1.431563e-009
6.760829753919640e+006	1.385471e-009
6.918309709189182e+006	1.340552e-009
7.079457843841192e+006	1.296902e-009
7.244359600749710e+006	1.254627e-009
7.413102413008980e+006	1.213842e-009
7.585775750291637e+006	1.174660e-009
7.762471166286712e+006	1.137178e-009
7.943282347242604e+006	1.101472e-009
8.128305161640776e+006	1.067584e-009
8.317637711026489e+006	1.035520e-009
8.511380382023538e+006	1.005248e-009
8.709635899560574e+006	9.767012e-010
8.912509381337218e+006	9.497815e-010
9.120108393558854e+006	9.243702e-010
9.332543007969661e+006	9.003363e-010
9.549925860214103e+006	8.775435e-010
9.772372209557844e+006	8.558585e-010
9.999999999999732e+006	8.351554e-010
1.023292992280727e+007	8.153196e-010
1.047128548050872e+007	7.962495e-010
1.071519305237578e+007	7.778571e-010
1.096478196143156e+007	7.600673e-010
1.122018454301933e+007	7.428175e-010
1.148153621496852e+007	7.260557e-010
1.174897554939498e+007	7.097392e-010
1.202264434617380e+007	6.938332e-010
1.230268770812348e+007	6.783095e-010
1.258925411794133e+007	6.631451e-010
1.288249551693099e+007	6.483215e-010
1.318256738556371e+007	6.338234e-010
1.348962882591617e+007	6.196382e-010
1.380384264602847e+007	6.057554e-010
1.412537544622716e+007	5.921660e-010
1.445439770745888e+007	5.788625e-010
1.479108388168167e+007	5.658379e-010
1.513561248436167e+007	5.530863e-010
1.548816618912439e+007	5.406021e-010
1.584893192461070e+007	5.283800e-010
1.621810097358885e+007	5.164152e-010
1.659586907437515e+007	5.047029e-010
1.698243652461698e+007	4.932387e-010
1.737800828749327e+007	4.820179e-010
1.778279410038874e+007	4.710361e-010
1.819700858609933e+007	4.602891e-010
1.862087136662816e+007	4.497724e-010
1.905460717963195e+007	4.394819e-010
1.949844599757991e+007	4.294132e-010
1.995262314968824e+007	4.195621e-010
2.041737944669473e+007	4.099244e-010
2.089296130853982e+007	4.004959e-010
2.137962089502173e+007	3.912725e-010
2.187761623949492e+007	3.822500e-010
2.238721138568277e+007	3.734243e-010
2.290867652767709e+007	3.647915e-010
2.344228815319857e+007	3.563475e-010
2.398832919019423e+007	3.480884e-010
2.454708915684962e+007	3.400102e-010
2.511886431509510e+007	3.321091e-010
2.570395782768792e+007	3.243812e-010
2.630267991895308e+007	3.168230e-010
2.691534803926840e+007	3.094306e-010
2.754228703338089e+007	3.022005e-010
2.818382931264374e+007	2.951290e-010
2.884031503126525e+007	2.882127e-010
2.951209226666303e+007	2.814481e-010
3.019951720401931e+007	2.748319e-010
3.090295432513503e+007	2.683606e-010
3.162277660168290e+007	2.620311e-010
3.235936569296191e+007	2.558402e-010
3.311311214825817e+007	2.497847e-010
3.388441561391930e+007	2.438616e-010
3.467368504525218e+007	2.380678e-010
3.548133892335654e+007	2.324004e-010
3.630780547700910e+007	2.268565e-010
3.715352290971620e+007	2.214333e-010
3.801893963205504e+007	2.161281e-010
3.890451449942695e+007	2.109381e-010
3.981071705534859e+007	2.058608e-010
4.073802778041011e+007	2.008934e-010
4.168693834703235e+007	1.960335e-010
4.265795188015805e+007	1.912787e-010
4.365158322401536e+007	1.866265e-010
4.466835921509504e+007	1.820745e-010
4.570881896148621e+007	1.776205e-010
4.677351412871849e+007	1.732623e-010
4.786300923226247e+007	1.689976e-010
4.897788193684322e+007	1.648243e-010
5.011872336272580e+007	1.607403e-010
5.128613839913502e+007	1.567436e-010
5.248074602497576e+007	1.528322e-010
5.370317963702374e+007	1.490042e-010
5.495408738576088e+007	1.452577e-010
5.623413251903330e+007	1.415909e-010
5.754399373371404e+007	1.380020e-010
5.888436553555721e+007	1.344893e-010
6.025595860743405e+007	1.310511e-010
6.165950018614645e+007	1.276857e-010
6.309573444801751e+007	1.243915e-010
6.456542290346369e+007	1.211671e-010
6.606934480075770e+007	1.180109e-010
6.760829753919622e+007	1.149214e-010
6.918309709189165e+007	1.118972e-010
7.079457843841174e+007	1.089371e-010
7.244359600749691e+007	1.060395e-010
7.413102413008960e+007	1.032033e-010
7.585775750291617e+007	1.004273e-010
7.762471166286692e+007	9.771007e-011
7.943282347242585e+007	9.505061e-011
8.128305161640757e+007	9.244775e-011
8.317637711026469e+007	8.990039e-011
8.511380382023518e+007	8.740749e-011
8.709635899560553e+007	8.496801e-011
8.912509381337196e+007	8.258098e-011
9.120108393558832e+007	8.024546e-011
9.332543007969639e+007	7.796050e-011
9.549925860214081e+007	7.572523e-011
9.772372209557822e+007	7.353879e-011
1.000000000000000e+008	7.140036e-011
