time	V(vout3)
0.000000000000000e+000	2.500675e+000
1.370370298000748e-007	2.500675e+000
2.740740596001497e-007	2.500675e+000
4.111110894002245e-007	2.500675e+000
5.481481192002993e-007	2.500675e+000
6.851851490003741e-007	2.500675e+000
8.222221788004490e-007	2.500675e+000
9.592592086005234e-007	2.500675e+000
1.246143845951764e-006	2.500675e+000
1.571278391725043e-006	2.500675e+000
2.028172974891295e-006	2.500674e+000
2.672765498022381e-006	2.500674e+000
3.288416095334817e-006	2.500674e+000
4.519717289959688e-006	2.500672e+000
5.685032342899292e-006	2.500670e+000
7.132705099269721e-006	2.500665e+000
8.409985202128934e-006	2.500657e+000
9.549037567939104e-006	2.500647e+000
1.095771951921797e-005	2.500628e+000
1.226019599173647e-005	2.500602e+000
1.398092937562304e-005	2.500553e+000
1.575824646267739e-005	2.500479e+000
1.799264378097271e-005	2.500343e+000
2.041728247184843e-005	2.500128e+000
2.339165091720369e-005	2.499743e+000
2.675155097292941e-005	2.499167e+000
2.821912040050268e-005	2.498844e+000
2.926920822495024e-005	2.498572e+000
2.973653108925808e-005	2.498412e+000
2.984791611574146e-005	2.498362e+000
2.994005696737460e-005	2.498327e+000
3.000985710385336e-005	2.498303e+000
3.021134058616148e-005	2.498232e+000
3.069661787324591e-005	2.498064e+000
3.147469644699658e-005	2.497783e+000
3.225277502074725e-005	2.497481e+000
3.303085359449792e-005	2.497160e+000
3.380893216824858e-005	2.496819e+000
3.458701074199925e-005	2.496457e+000
3.536508931574991e-005	2.496076e+000
3.614316788950058e-005	2.495674e+000
3.818618741908143e-005	2.494485e+000
4.139800345638950e-005	2.492244e+000
4.628081595638950e-005	2.488045e+000
5.116362845638950e-005	2.482832e+000
5.604644095638950e-005	2.476438e+000
6.092925345638950e-005	2.468802e+000
6.581206595638949e-005	2.459885e+000
7.069487845638950e-005	2.449673e+000
7.557769095638950e-005	2.438174e+000
8.046050345638951e-005	2.425417e+000
8.534331595638951e-005	2.411451e+000
9.022612845638951e-005	2.396339e+000
9.510894095638952e-005	2.380162e+000
9.999175345638952e-005	2.363009e+000
1.048745659563895e-004	2.344981e+000
1.097573784563895e-004	2.326184e+000
1.146401909563895e-004	2.306728e+000
1.195230034563895e-004	2.286729e+000
1.244058159563895e-004	2.266298e+000
1.292886284563896e-004	2.245548e+000
1.341714409563896e-004	2.224590e+000
1.390542534563896e-004	2.203526e+000
1.439370659563896e-004	2.182460e+000
1.488198784563896e-004	2.161483e+000
1.537026909563896e-004	2.140683e+000
1.585855034563896e-004	2.120142e+000
1.634683159563896e-004	2.099931e+000
1.683511284563896e-004	2.080117e+000
1.732339409563896e-004	2.060758e+000
1.781167534563896e-004	2.041905e+000
1.829995659563896e-004	2.023603e+000
1.878823784563896e-004	2.005890e+000
1.927651909563896e-004	1.988797e+000
1.976480034563896e-004	1.972350e+000
2.025308159563896e-004	1.956569e+000
2.074136284563896e-004	1.941472e+000
2.122964409563896e-004	1.927069e+000
2.171792534563896e-004	1.913370e+000
2.220620659563896e-004	1.900380e+000
2.269448784563896e-004	1.888102e+000
2.318276909563896e-004	1.876535e+000
2.367105034563896e-004	1.865691e+000
2.415933159563897e-004	1.855544e+000
2.464761284563897e-004	1.846094e+000
2.513589409563897e-004	1.837342e+000
2.562417534563897e-004	1.829288e+000
2.611245659563897e-004	1.821932e+000
2.660073784563897e-004	1.815273e+000
2.701294564844535e-004	1.810176e+000
2.742515345125173e-004	1.805545e+000
2.783736125405811e-004	1.801379e+000
2.824956905686449e-004	1.797679e+000
2.866177685967088e-004	1.794443e+000
2.907398466247726e-004	1.791674e+000
2.948619246528364e-004	1.789369e+000
3.003988470256427e-004	1.787107e+000
3.101644720256427e-004	1.784946e+000
3.150472845256427e-004	1.784790e+000
3.199300970256427e-004	1.785173e+000
3.220254795542246e-004	1.785526e+000
3.238200646569120e-004	1.785959e+000
3.261015873755962e-004	1.786602e+000
3.261655612693229e-004	1.786623e+000
3.276001758225163e-004	1.787119e+000
3.282753537230382e-004	1.787371e+000
3.282801030632721e-004	1.787378e+000
3.282896017437399e-004	1.787405e+000
3.282954575782152e-004	1.787426e+000
3.283005468699913e-004	1.787445e+000
3.283075371854685e-004	1.787467e+000
3.283192896090089e-004	1.787497e+000
3.283338164123206e-004	1.787526e+000
3.283491348569486e-004	1.787552e+000
3.283702595942297e-004	1.787582e+000
3.284018815544267e-004	1.787619e+000
3.284456387079466e-004	1.787662e+000
3.284990479265220e-004	1.787706e+000
3.285601893701382e-004	1.787751e+000
3.286542366726619e-004	1.787813e+000
3.287652169866268e-004	1.787882e+000
3.288801552886114e-004	1.787951e+000
3.290825906982349e-004	1.788068e+000
3.293551225336541e-004	1.788223e+000
3.295398915690056e-004	1.788329e+000
3.297719623787944e-004	1.788461e+000
3.300103709392644e-004	1.788599e+000
3.302024816943691e-004	1.788710e+000
3.304594345822807e-004	1.788856e+000
3.307261803999593e-004	1.789000e+000
3.310333580944752e-004	1.789158e+000
3.312930382541300e-004	1.789290e+000
3.315765433231699e-004	1.789436e+000
3.324303045564501e-004	1.789879e+000
3.351694515769736e-004	1.791397e+000
3.379085985974971e-004	1.793108e+000
3.406477456180206e-004	1.795009e+000
3.433868926385441e-004	1.797102e+000
3.461260396590676e-004	1.799387e+000
3.488651866795911e-004	1.801863e+000
3.516043337001146e-004	1.804531e+000
3.662527712001146e-004	1.821884e+000
3.760183962001146e-004	1.836487e+000
3.857840212001147e-004	1.853496e+000
3.927594676286861e-004	1.867166e+000
3.997349140572575e-004	1.881965e+000
4.067103604858290e-004	1.897894e+000
4.136858069144004e-004	1.914953e+000
4.206612533429718e-004	1.933142e+000
4.276366997715433e-004	1.952460e+000
4.346121462001147e-004	1.972908e+000
4.429826819144004e-004	1.998898e+000
4.513532176286861e-004	2.026087e+000
4.597237533429719e-004	2.054474e+000
4.680942890572576e-004	2.084061e+000
4.764648247715433e-004	2.114847e+000
4.848353604858290e-004	2.146832e+000
4.932058962001147e-004	2.180016e+000
4.994837979858290e-004	2.205443e+000
5.057616997715433e-004	2.231229e+000
5.120396015572576e-004	2.257376e+000
5.183175033429718e-004	2.283882e+000
5.245954051286861e-004	2.310748e+000
5.308733069144004e-004	2.337974e+000
5.371512087001147e-004	2.365561e+000
5.440097572808931e-004	2.395964e+000
5.508683058616715e-004	2.426423e+000
5.577268544424499e-004	2.456938e+000
5.645854030232282e-004	2.487508e+000
5.714439516040066e-004	2.518133e+000
5.783025001847850e-004	2.548814e+000
5.851610487655634e-004	2.579550e+000
5.882807212108762e-004	2.593443e+000
5.914003936561891e-004	2.607288e+000
5.945200661015020e-004	2.621085e+000
5.976397385468148e-004	2.634834e+000
6.007594109921277e-004	2.648536e+000
6.038790834374405e-004	2.662189e+000
6.069987558827534e-004	2.675794e+000
6.118815683827534e-004	2.696940e+000
6.167643808827534e-004	2.717903e+000
6.216471933827534e-004	2.738662e+000
6.265300058827534e-004	2.759195e+000
6.314128183827534e-004	2.779482e+000
6.369931755256105e-004	2.802408e+000
6.425735326684677e-004	2.824895e+000
6.481538898113248e-004	2.846941e+000
6.537342469541820e-004	2.868549e+000
6.593146040970391e-004	2.889716e+000
6.648949612398964e-004	2.910444e+000
6.704753183827535e-004	2.930732e+000
6.802409433827535e-004	2.964834e+000
6.851237558827535e-004	2.981238e+000
6.920992023113249e-004	3.003980e+000
6.990746487398964e-004	3.025657e+000
7.060500951684678e-004	3.046271e+000
7.130255415970392e-004	3.065820e+000
7.200009880256107e-004	3.084305e+000
7.269764344541821e-004	3.101726e+000
7.339518808827535e-004	3.118083e+000
7.395322380256106e-004	3.130275e+000
7.451125951684678e-004	3.141661e+000
7.506929523113249e-004	3.152243e+000
7.562733094541821e-004	3.162018e+000
7.618536665970392e-004	3.170989e+000
7.674340237398964e-004	3.179154e+000
7.730143808827535e-004	3.186513e+000
7.792922826684679e-004	3.193771e+000
7.855701844541822e-004	3.199932e+000
7.918480862398965e-004	3.204996e+000
7.981259880256108e-004	3.208965e+000
8.044038898113250e-004	3.211837e+000
8.106817915970393e-004	3.213614e+000
8.169596933827536e-004	3.214293e+000
8.267253183827536e-004	3.213223e+000
8.304382241457669e-004	3.212120e+000
8.326884915025438e-004	3.211262e+000
8.330175495000672e-004	3.211120e+000
8.332343573140622e-004	3.211026e+000
8.333524008606656e-004	3.210974e+000
8.346751091216933e-004	3.210363e+000
8.349036468125665e-004	3.209940e+000
8.349566923839973e-004	3.209381e+000
8.350084262830925e-004	3.208428e+000
8.350161932445607e-004	3.208337e+000
8.350246526453331e-004	3.208309e+000
8.350281465917150e-004	3.208303e+000
8.350332663859602e-004	3.208294e+000
8.350425972166338e-004	3.208279e+000
8.350612588779811e-004	3.208250e+000
8.350937435411643e-004	3.208202e+000
8.351250102574650e-004	3.208159e+000
8.351585226390017e-004	3.208116e+000
8.352035855216236e-004	3.208061e+000
8.352612704644980e-004	3.207994e+000
8.353309557420849e-004	3.207917e+000
8.354001822239654e-004	3.207845e+000
8.354963139583523e-004	3.207753e+000
8.356128463135084e-004	3.207649e+000
8.357325605816426e-004	3.207550e+000
8.358307785949694e-004	3.207473e+000
8.359751854191350e-004	3.207365e+000
8.361180721992131e-004	3.207259e+000
8.362611518989329e-004	3.207153e+000
8.364763627412116e-004	3.206993e+000
8.366111019457079e-004	3.206893e+000
8.367466276121475e-004	3.206797e+000
8.369194894207956e-004	3.206678e+000
8.371326208981957e-004	3.206538e+000
8.372911323643641e-004	3.206436e+000
8.376908974366464e-004	3.206180e+000
8.379817750833901e-004	3.205992e+000
8.382092770803056e-004	3.205848e+000
8.384951735672969e-004	3.205675e+000
8.388086048244629e-004	3.205493e+000
8.391129734144556e-004	3.205318e+000
8.394580685037746e-004	3.205118e+000
8.402381977475026e-004	3.204659e+000
8.412952781696620e-004	3.204016e+000
8.425993314765618e-004	3.203176e+000
8.482365268096401e-004	3.198815e+000
8.538737221427186e-004	3.193527e+000
8.595109174757969e-004	3.187311e+000
8.651481128088752e-004	3.180167e+000
8.707853081419537e-004	3.172096e+000
8.764225034750320e-004	3.163097e+000
8.820596988081104e-004	3.153171e+000
8.897326898795390e-004	3.138253e+000
8.974056809509675e-004	3.121935e+000
9.050786720223961e-004	3.104218e+000
9.127516630938247e-004	3.085102e+000
9.204246541652533e-004	3.064587e+000
9.280976452366818e-004	3.042673e+000
9.357706363081104e-004	3.019360e+000
9.441411720223961e-004	2.992482e+000
9.525117077366817e-004	2.964447e+000
9.608822434509674e-004	2.935256e+000
9.692527791652530e-004	2.904907e+000
9.776233148795386e-004	2.873401e+000
9.859938505938244e-004	2.840738e+000
9.943643863081100e-004	2.806919e+000
9.999447434509670e-004	2.783968e+000
1.005525100593824e-003	2.760743e+000
1.011105457736681e-003	2.737242e+000
1.016685814879538e-003	2.713467e+000
1.022266172022395e-003	2.689418e+000
1.027846529165252e-003	2.665093e+000
1.033426886308109e-003	2.640493e+000
1.039704788093823e-003	2.612590e+000
1.045982689879538e-003	2.584623e+000
1.052260591665252e-003	2.556592e+000
1.058538493450966e-003	2.528498e+000
1.064816395236680e-003	2.500340e+000
1.071094297022394e-003	2.472119e+000
1.077372198808108e-003	2.443834e+000
1.088532913093822e-003	2.393407e+000
1.099693627379537e-003	2.344101e+000
1.110854341665250e-003	2.295916e+000
1.122015055950964e-003	2.248854e+000
1.133175770236679e-003	2.202913e+000
1.144336484522393e-003	2.158094e+000
1.155497198808107e-003	2.114396e+000
1.164565279165249e-003	2.080509e+000
1.173633359522392e-003	2.048235e+000
1.182701439879535e-003	2.017575e+000
1.191769520236677e-003	1.988527e+000
1.200837600593820e-003	1.961093e+000
1.209905680950963e-003	1.935272e+000
1.218973761308105e-003	1.911065e+000
1.224554118450962e-003	1.897221e+000
1.230134475593819e-003	1.884158e+000
1.235714832736676e-003	1.871876e+000
1.241295189879533e-003	1.860373e+000
1.246875547022390e-003	1.849651e+000
1.252455904165247e-003	1.839710e+000
1.258036261308104e-003	1.830549e+000
1.263615722179260e-003	1.822242e+000
1.269195183050416e-003	1.814775e+000
1.274774643921572e-003	1.808146e+000
1.280354104792728e-003	1.802357e+000
1.285933565663884e-003	1.797407e+000
1.291513026535040e-003	1.793296e+000
1.297092487406196e-003	1.790025e+000
1.301268244508889e-003	1.788236e+000
1.311033869508889e-003	1.785770e+000
1.315916682008889e-003	1.785476e+000
1.320799494508889e-003	1.785741e+000
1.322990466308007e-003	1.786064e+000
1.324689571700752e-003	1.786444e+000
1.327038066365529e-003	1.787071e+000
1.327266392583722e-003	1.787142e+000
1.327570827541314e-003	1.787241e+000
1.328486132607813e-003	1.787548e+000
1.328693621511039e-003	1.787621e+000
1.329371781965034e-003	1.787870e+000
1.330039285869855e-003	1.788200e+000
1.330202530563210e-003	1.788376e+000
1.330318846911885e-003	1.788534e+000
1.330369325381727e-003	1.788574e+000
1.330456955023003e-003	1.788610e+000
1.330523337625200e-003	1.788638e+000
1.330639560006191e-003	1.788697e+000
1.330730780069999e-003	1.788758e+000
1.330801196374231e-003	1.788808e+000
1.330876665943219e-003	1.788856e+000
1.330961064801136e-003	1.788907e+000
1.331050910894709e-003	1.788961e+000
1.331193507984633e-003	1.789045e+000
1.331333953072504e-003	1.789129e+000
1.331596830031894e-003	1.789284e+000
1.331876269217369e-003	1.789451e+000
1.332131691586434e-003	1.789601e+000
1.332412346790733e-003	1.789761e+000
1.332782436525978e-003	1.789960e+000
1.333088307047077e-003	1.790121e+000
1.334163245047428e-003	1.790694e+000
1.336080079044963e-003	1.791766e+000
1.337996913042499e-003	1.792938e+000
1.339913747040034e-003	1.794210e+000
1.341830581037569e-003	1.795580e+000
1.343747415035104e-003	1.797051e+000
1.345664249032639e-003	1.798621e+000
1.347581083030175e-003	1.800291e+000
1.352463895530175e-003	1.804916e+000
1.357346708030175e-003	1.810158e+000
1.362229520530175e-003	1.816018e+000
1.367112333030174e-003	1.822495e+000
1.371995145530174e-003	1.829589e+000
1.376877958030174e-003	1.837300e+000
1.381760770530174e-003	1.845629e+000
1.389433761601603e-003	1.860028e+000
1.397106752673031e-003	1.875805e+000
1.404779743744459e-003	1.892959e+000
1.412452734815888e-003	1.911490e+000
1.420125725887316e-003	1.931398e+000
1.427798716958745e-003	1.952684e+000
1.435471708030173e-003	1.975347e+000
1.443842243744459e-003	2.001544e+000
1.452212779458744e-003	2.028923e+000
1.460583315173030e-003	2.057483e+000
1.468953850887315e-003	2.087224e+000
1.477324386601601e-003	2.118147e+000
1.485694922315886e-003	2.150251e+000
1.494065458030172e-003	2.183537e+000
1.499645815173029e-003	2.206154e+000
1.505226172315886e-003	2.229062e+000
1.510806529458743e-003	2.252262e+000
1.516386886601600e-003	2.275754e+000
1.521967243744457e-003	2.299536e+000
1.527547600887314e-003	2.323611e+000
1.533127958030171e-003	2.347976e+000
1.551819058781071e-003	2.430535e+000
1.552984100320976e-003	2.435726e+000
1.554695341121057e-003	2.443361e+000
1.555876424531293e-003	2.448634e+000
1.557554189801960e-003	2.456122e+000
1.562482525578276e-003	2.478205e+000
1.567410861354592e-003	2.500262e+000
1.572339197130908e-003	2.522295e+000
1.577267532907223e-003	2.544302e+000
1.582195868683539e-003	2.566285e+000
1.587124204459855e-003	2.588243e+000
1.592052540236171e-003	2.610176e+000
1.607091797874618e-003	2.676192e+000
1.611974610374618e-003	2.697334e+000
1.616857422874618e-003	2.718292e+000
1.621740235374618e-003	2.739046e+000
1.626623047874618e-003	2.759574e+000
1.631505860374618e-003	2.779856e+000
1.637086217517475e-003	2.802777e+000
1.642666574660332e-003	2.825257e+000
1.648246931803189e-003	2.847298e+000
1.653827288946046e-003	2.868898e+000
1.659407646088903e-003	2.890059e+000
1.664988003231760e-003	2.910779e+000
1.670568360374617e-003	2.931059e+000
1.680333985374617e-003	2.965147e+000
1.685216797874616e-003	2.981543e+000
1.692192244303188e-003	3.004273e+000
1.699167690731759e-003	3.025938e+000
1.706143137160330e-003	3.046538e+000
1.713118583588902e-003	3.066074e+000
1.720094030017473e-003	3.084545e+000
1.727069476446044e-003	3.101951e+000
1.734044922874615e-003	3.118293e+000
1.739625280017472e-003	3.130472e+000
1.745205637160329e-003	3.141846e+000
1.750785994303186e-003	3.152414e+000
1.756366351446044e-003	3.162176e+000
1.761946708588901e-003	3.171133e+000
1.767527065731758e-003	3.179284e+000
1.773107422874615e-003	3.186629e+000
1.779385324660329e-003	3.193870e+000
1.785663226446043e-003	3.200015e+000
1.791941128231757e-003	3.205064e+000
1.798219030017471e-003	3.209016e+000
1.804496931803185e-003	3.211872e+000
1.810774833588900e-003	3.213631e+000
1.817052735374614e-003	3.214295e+000
1.826818360374613e-003	3.213199e+000
1.833011292234008e-003	3.211123e+000
1.833211426768225e-003	3.211035e+000
1.833327877612720e-003	3.210984e+000
1.834868846662288e-003	3.210269e+000
1.834897232717650e-003	3.210252e+000
1.834907160960475e-003	3.210233e+000
1.834913390752013e-003	3.210201e+000
1.834917374743166e-003	3.210159e+000
1.834922861529820e-003	3.210063e+000
1.834927817546117e-003	3.209931e+000
1.834936294687383e-003	3.209627e+000
1.834943361098379e-003	3.209331e+000
1.834951112098536e-003	3.208996e+000
1.834958882340392e-003	3.208687e+000
1.834963693407980e-003	3.208530e+000
1.834966978971404e-003	3.208459e+000
1.834971310209423e-003	3.208404e+000
1.834973537795313e-003	3.208387e+000
1.834976263083417e-003	3.208375e+000
1.834979376999675e-003	3.208365e+000
1.834983955440663e-003	3.208353e+000
1.834988833806682e-003	3.208343e+000
1.834995962433233e-003	3.208330e+000
1.835004776278490e-003	3.208314e+000
1.835020341923013e-003	3.208289e+000
1.835044690994484e-003	3.208252e+000
1.835069437415919e-003	3.208216e+000
1.835096813189229e-003	3.208179e+000
1.835126796060683e-003	3.208139e+000
1.835162889418454e-003	3.208095e+000
1.835204726823501e-003	3.208045e+000
1.835255178221222e-003	3.207987e+000
1.835313109874963e-003	3.207924e+000
1.835389836893929e-003	3.207846e+000
1.835492179684719e-003	3.207748e+000
1.835619313808417e-003	3.207636e+000
1.835748738092464e-003	3.207531e+000
1.835887226568527e-003	3.207425e+000
1.836017731928815e-003	3.207329e+000
1.836157572247312e-003	3.207225e+000
1.836318856461711e-003	3.207105e+000
1.836492023548892e-003	3.206977e+000
1.836623329282100e-003	3.206881e+000
1.836955747591441e-003	3.206651e+000
1.837185671001331e-003	3.206502e+000
1.837365495468531e-003	3.206387e+000
1.837602187098671e-003	3.206236e+000
1.837816678750969e-003	3.206098e+000
1.838025324209970e-003	3.205963e+000
1.838265755087299e-003	3.205812e+000
1.838528272705530e-003	3.205655e+000
1.838846868031469e-003	3.205472e+000
1.839189367214189e-003	3.205275e+000
1.839534274513601e-003	3.205074e+000
1.839910402670906e-003	3.204854e+000
1.840321214781510e-003	3.204611e+000
1.841287098148644e-003	3.204021e+000
1.842553875978208e-003	3.203207e+000
1.849213581672887e-003	3.197926e+000
1.855873287367566e-003	3.191373e+000
1.862532993062246e-003	3.183546e+000
1.869192698756925e-003	3.174448e+000
1.875852404451604e-003	3.164076e+000
1.882512110146283e-003	3.152432e+000
1.889171815840963e-003	3.139515e+000
1.898239896198105e-003	3.119980e+000
1.907307976555248e-003	3.098609e+000
1.916376056912391e-003	3.075400e+000
1.925444137269533e-003	3.050354e+000
1.934512217626676e-003	3.023470e+000
1.943580297983819e-003	2.994749e+000
1.952648378340961e-003	2.964191e+000
1.960321369412390e-003	2.937174e+000
1.967994360483818e-003	2.909312e+000
1.975667351555247e-003	2.880604e+000
1.983340342626675e-003	2.851050e+000
1.991013333698103e-003	2.820651e+000
1.998686324769532e-003	2.789406e+000
2.006359315840960e-003	2.757315e+000
2.011242128340960e-003	2.736641e+000
2.016124940840960e-003	2.715796e+000
2.021007753340960e-003	2.694778e+000
2.025890565840960e-003	2.673589e+000
2.030773378340960e-003	2.652228e+000
2.035656190840960e-003	2.630696e+000
2.040539003340960e-003	2.608992e+000
2.047514449769531e-003	2.577737e+000
2.054489896198102e-003	2.546485e+000
2.061465342626673e-003	2.515238e+000
2.068440789055245e-003	2.483994e+000
2.075416235483816e-003	2.452755e+000
2.082391681912387e-003	2.421519e+000
2.089367128340959e-003	2.390287e+000
2.101225387269530e-003	2.337288e+000
2.113083646198101e-003	2.285887e+000
2.124941905126672e-003	2.236085e+000
2.136800164055243e-003	2.187883e+000
2.148658422983815e-003	2.141278e+000
2.160516681912385e-003	2.096273e+000
2.172374940840957e-003	2.052866e+000
2.180047931912385e-003	2.026386e+000
2.187720922983814e-003	2.001148e+000
2.195393914055242e-003	1.977152e+000
2.203066905126670e-003	1.954400e+000
2.210739896198099e-003	1.932889e+000
2.218412887269527e-003	1.912622e+000
2.226085878340956e-003	1.893597e+000
2.230968690840956e-003	1.882282e+000
2.235851503340955e-003	1.871574e+000
2.240734315840955e-003	1.861473e+000
2.245617128340955e-003	1.851978e+000
2.250499940840955e-003	1.843089e+000
2.255382753340955e-003	1.834807e+000
2.260265565840955e-003	1.827132e+000
2.265503428836682e-003	1.819615e+000
2.270741291832410e-003	1.812841e+000
2.275979154828137e-003	1.806809e+000
2.281217017823864e-003	1.801520e+000
2.286454880819592e-003	1.796973e+000
2.291692743815319e-003	1.793168e+000
2.296930606811046e-003	1.790106e+000
2.302132702865743e-003	1.787925e+000
2.311898327865743e-003	1.785668e+000
2.316781140365742e-003	1.785488e+000
2.321663952865742e-003	1.785865e+000
2.323733369053924e-003	1.786217e+000
2.325475462748691e-003	1.786643e+000
2.327720703502535e-003	1.787286e+000
2.327855873107259e-003	1.787331e+000
2.329976014306606e-003	1.788097e+000
2.330002175507670e-003	1.788112e+000
2.330015329635856e-003	1.788134e+000
2.330025443729895e-003	1.788166e+000
2.330033573089277e-003	1.788197e+000
2.330040440480065e-003	1.788220e+000
2.330048077688315e-003	1.788241e+000
2.330060659662151e-003	1.788268e+000
2.330074093920720e-003	1.788293e+000
2.330094177978047e-003	1.788323e+000
2.330119809873066e-003	1.788356e+000
2.330160057229609e-003	1.788399e+000
2.330209036945865e-003	1.788444e+000
2.330264988718517e-003	1.788488e+000
2.330352593701381e-003	1.788549e+000
2.330452642440780e-003	1.788614e+000
2.330587594645187e-003	1.788698e+000
2.330724259119624e-003	1.788779e+000
2.330997588068496e-003	1.788940e+000
2.331164796151375e-003	1.789038e+000
2.331360906525173e-003	1.789153e+000
2.331579033988725e-003	1.789282e+000
2.331845274324550e-003	1.789440e+000
2.332076754904734e-003	1.789576e+000
2.332343242094026e-003	1.789726e+000
2.332686654192633e-003	1.789910e+000
2.333267839645192e-003	1.790215e+000
2.334070161990573e-003	1.790644e+000
2.336132807243831e-003	1.791797e+000
2.338195452497088e-003	1.793065e+000
2.340258097750347e-003	1.794447e+000
2.342320743003605e-003	1.795942e+000
2.344383388256863e-003	1.797552e+000
2.346446033510120e-003	1.799275e+000
2.348508678763378e-003	1.801113e+000
2.354089035906236e-003	1.806589e+000
2.359669393049092e-003	1.812870e+000
2.365249750191950e-003	1.819954e+000
2.370830107334806e-003	1.827841e+000
2.376410464477664e-003	1.836532e+000
2.381990821620520e-003	1.846026e+000
2.387571178763378e-003	1.856324e+000
2.395941714477663e-003	1.873354e+000
2.404312250191949e-003	1.891969e+000
2.412682785906234e-003	1.912167e+000
2.421053321620520e-003	1.933950e+000
2.429423857334805e-003	1.957317e+000
2.437794393049091e-003	1.982268e+000
2.446164928763376e-003	2.008804e+000
2.453837919834805e-003	2.034348e+000
2.461510910906233e-003	2.060816e+000
2.469183901977662e-003	2.088209e+000
2.476856893049090e-003	2.116525e+000
2.484529884120518e-003	2.145766e+000
2.492202875191947e-003	2.175930e+000
2.499875866263375e-003	2.207019e+000
2.504758678763375e-003	2.227106e+000
2.509641491263375e-003	2.247403e+000
2.514524303763375e-003	2.267909e+000
2.519407116263375e-003	2.288626e+000
2.524289928763375e-003	2.309552e+000
2.529172741263375e-003	2.330687e+000
2.534055553763375e-003	2.352033e+000
2.540974927066149e-003	2.382592e+000
2.547894300368924e-003	2.413232e+000
2.554813673671698e-003	2.443953e+000
2.561733046974473e-003	2.474755e+000
2.568652420277248e-003	2.505637e+000
2.575571793580022e-003	2.536600e+000
2.582491166882797e-003	2.567645e+000
2.586065493982927e-003	2.583592e+000
2.589639821083058e-003	2.599478e+000
2.593214148183189e-003	2.615305e+000
2.596788475283320e-003	2.631071e+000
2.600362802383450e-003	2.646777e+000
2.603937129483581e-003	2.662423e+000
2.607511456583712e-003	2.678008e+000
2.612394269083712e-003	2.699135e+000
2.617277081583712e-003	2.720078e+000
2.622159894083711e-003	2.740814e+000
2.627042706583711e-003	2.761323e+000
2.631925519083711e-003	2.781584e+000
2.637505876226568e-003	2.804478e+000
2.643086233369425e-003	2.826930e+000
2.648666590512282e-003	2.848940e+000
2.654246947655139e-003	2.870508e+000
2.659827304797996e-003	2.891633e+000
2.665407661940853e-003	2.912317e+000
2.670988019083710e-003	2.932558e+000
2.680753644083710e-003	2.966574e+000
2.685636456583710e-003	2.982932e+000
2.692611903012281e-003	3.005605e+000
2.699587349440852e-003	3.027210e+000
2.706562795869424e-003	3.047749e+000
2.713538242297995e-003	3.067221e+000
2.720513688726567e-003	3.085625e+000
2.727489135155138e-003	3.102963e+000
2.734464581583709e-003	3.119234e+000
2.740044938726566e-003	3.131355e+000
2.745625295869423e-003	3.142670e+000
2.751205653012280e-003	3.153178e+000
2.756786010155137e-003	3.162879e+000
2.762366367297994e-003	3.171775e+000
2.767946724440851e-003	3.179863e+000
2.773527081583708e-003	3.187146e+000
2.779804983369422e-003	3.194315e+000
2.786082885155136e-003	3.200387e+000
2.792360786940850e-003	3.205363e+000
2.798638688726565e-003	3.209242e+000
2.804916590512279e-003	3.212024e+000
2.811194492297993e-003	3.213709e+000
2.817472394083707e-003	3.214298e+000
2.827238019083707e-003	3.213087e+000
2.834616236898204e-003	3.210390e+000
2.834644040138380e-003	3.210377e+000
2.834727648473312e-003	3.210337e+000
2.834783652182474e-003	3.210310e+000
2.834801304671186e-003	3.210293e+000
2.834813074876662e-003	3.210258e+000
2.834818457462076e-003	3.210217e+000
2.834822673940606e-003	3.210157e+000
2.834827912023663e-003	3.210040e+000
2.834834508706833e-003	3.209832e+000
2.834842548778876e-003	3.209514e+000
2.834851154117186e-003	3.209145e+000
2.834859076422877e-003	3.208820e+000
2.834864997857798e-003	3.208612e+000
2.834868570376846e-003	3.208522e+000
2.834872230994907e-003	3.208467e+000
2.834875074360554e-003	3.208442e+000
2.834877897385601e-003	3.208427e+000
2.834880937971547e-003	3.208416e+000
2.834884962969442e-003	3.208405e+000
2.834889612428980e-003	3.208395e+000
2.834895989558079e-003	3.208382e+000
2.834904076963947e-003	3.208368e+000
2.834917018760899e-003	3.208347e+000
2.834937421670821e-003	3.208315e+000
2.834960657466046e-003	3.208281e+000
2.834988717459471e-003	3.208242e+000
2.835015304277617e-003	3.208207e+000
2.835055279887324e-003	3.208156e+000
2.835098968030305e-003	3.208104e+000
2.835150899488167e-003	3.208045e+000
2.835210385717592e-003	3.207980e+000
2.835273159452829e-003	3.207915e+000
2.835398180644464e-003	3.207796e+000
2.835526710840287e-003	3.207684e+000
2.835644818586229e-003	3.207588e+000
2.835778405913385e-003	3.207486e+000
2.835924583686094e-003	3.207378e+000
2.836060551388657e-003	3.207278e+000
2.836220882736873e-003	3.207160e+000
2.836400674949907e-003	3.207027e+000
2.836534031957147e-003	3.206930e+000
2.836863706998355e-003	3.206705e+000
2.837105382492627e-003	3.206549e+000
2.837289889093671e-003	3.206432e+000
2.837522857615418e-003	3.206283e+000
2.837744664592884e-003	3.206141e+000
2.837946771810292e-003	3.206012e+000
2.838190241061867e-003	3.205859e+000
2.838452261015898e-003	3.205703e+000
2.838780189231088e-003	3.205514e+000
2.839108169226682e-003	3.205326e+000
2.839459578402068e-003	3.205123e+000
2.839832977722253e-003	3.204905e+000
2.840252099291634e-003	3.204658e+000
2.840701637422640e-003	3.204388e+000
2.844363696438035e-003	3.201914e+000
2.848025755453430e-003	3.199032e+000
2.851687814468825e-003	3.195740e+000
2.855349873484220e-003	3.192040e+000
2.859011932499615e-003	3.187931e+000
2.862673991515010e-003	3.183413e+000
2.866336050530405e-003	3.178486e+000
2.871218863030405e-003	3.171329e+000
2.876101675530405e-003	3.163536e+000
2.880984488030405e-003	3.155106e+000
2.885867300530405e-003	3.146041e+000
2.890750113030405e-003	3.136339e+000
2.895632925530405e-003	3.126001e+000
2.900515738030404e-003	3.115027e+000
2.910281363030404e-003	3.091101e+000
2.920046988030404e-003	3.065207e+000
2.929812613030404e-003	3.037346e+000
2.939578238030404e-003	3.007517e+000
2.949343863030403e-003	2.975720e+000
2.959109488030403e-003	2.941956e+000
2.968875113030403e-003	2.906224e+000
2.975153014816117e-003	2.882536e+000
2.981430916601831e-003	2.858351e+000
2.987708818387545e-003	2.833670e+000
2.993986720173260e-003	2.808491e+000
3.000264621958974e-003	2.782816e+000
3.006542523744688e-003	2.756644e+000
3.012820425530402e-003	2.729976e+000
3.019795871958973e-003	2.699892e+000
3.026771318387544e-003	2.669573e+000
3.033746764816116e-003	2.639021e+000
3.040722211244687e-003	2.608235e+000
3.047697657673259e-003	2.577216e+000
3.054673104101830e-003	2.545962e+000
3.061648550530401e-003	2.514474e+000
3.071414175530401e-003	2.470165e+000
3.081179800530401e-003	2.426381e+000
3.090945425530400e-003	2.383121e+000
3.100711050530400e-003	2.340386e+000
3.110476675530400e-003	2.298175e+000
3.120242300530400e-003	2.256490e+000
3.130007925530400e-003	2.215328e+000
3.140471095173257e-003	2.172443e+000
3.150934264816113e-003	2.131399e+000
3.161397434458970e-003	2.092197e+000
3.171860604101827e-003	2.054838e+000
3.182323773744684e-003	2.019321e+000
3.192786943387541e-003	1.985646e+000
3.203250113030398e-003	1.953813e+000
3.208132925530398e-003	1.939916e+000
3.213015738030398e-003	1.926577e+000
3.217898550530398e-003	1.913797e+000
3.222781363030398e-003	1.901575e+000
3.227664175530397e-003	1.889912e+000
3.232546988030397e-003	1.878807e+000
3.237429800530397e-003	1.868261e+000
3.244136563295064e-003	1.854759e+000
3.250843326059730e-003	1.842443e+000
3.257550088824397e-003	1.831312e+000
3.264256851589063e-003	1.821368e+000
3.270963614353729e-003	1.812609e+000
3.277670377118396e-003	1.805036e+000
3.284377139883062e-003	1.798649e+000
3.286312874805191e-003	1.797041e+000
3.288248609727321e-003	1.795539e+000
3.290184344649450e-003	1.794144e+000
3.292120079571579e-003	1.792855e+000
3.294055814493708e-003	1.791672e+000
3.295991549415837e-003	1.790596e+000
3.297927284337966e-003	1.789626e+000
3.300738865444468e-003	1.788442e+000
3.305621677944468e-003	1.786850e+000
3.315387302944468e-003	1.785472e+000
3.320270115444468e-003	1.785672e+000
3.322592544335797e-003	1.785985e+000
3.324278127440634e-003	1.786344e+000
3.326798579824298e-003	1.787009e+000
3.327742905521096e-003	1.787296e+000
3.328347489761841e-003	1.787497e+000
3.329197329034155e-003	1.787801e+000
3.329726850877868e-003	1.788000e+000
3.329838223000159e-003	1.788043e+000
3.329986719163214e-003	1.788107e+000
3.330061616053705e-003	1.788172e+000
3.330088257161207e-003	1.788229e+000
3.330106583887753e-003	1.788281e+000
3.330117535449459e-003	1.788304e+000
3.330129511831358e-003	1.788324e+000
3.330140751671261e-003	1.788341e+000
3.330162242722035e-003	1.788369e+000
3.330187393227886e-003	1.788398e+000
3.330237694239586e-003	1.788447e+000
3.330283818918074e-003	1.788486e+000
3.330359472346652e-003	1.788542e+000
3.330439651343621e-003	1.788596e+000
3.330542977749060e-003	1.788662e+000
3.330662544766784e-003	1.788735e+000
3.330893061475368e-003	1.788872e+000
3.331138970589816e-003	1.789017e+000
3.331321217936029e-003	1.789124e+000
3.331551048508685e-003	1.789260e+000
3.331800497063323e-003	1.789408e+000
3.331994346485252e-003	1.789523e+000
3.332289562487950e-003	1.789694e+000
3.332556893497953e-003	1.789841e+000
3.332846280155832e-003	1.789993e+000
3.333114049357357e-003	1.790134e+000
3.333397117970489e-003	1.790283e+000
3.334252445624813e-003	1.790742e+000
3.337622089030418e-003	1.792710e+000
3.340991732436023e-003	1.794973e+000
3.344361375841628e-003	1.797532e+000
3.347731019247233e-003	1.800386e+000
3.351100662652839e-003	1.803535e+000
3.354470306058443e-003	1.806980e+000
3.357839949464049e-003	1.810721e+000
3.364117851249763e-003	1.818472e+000
3.370395753035477e-003	1.827225e+000
3.376673654821191e-003	1.836981e+000
3.382951556606906e-003	1.847740e+000
3.389229458392620e-003	1.859501e+000
3.395507360178334e-003	1.872264e+000
3.401785261964048e-003	1.886030e+000
3.411550886964048e-003	1.909529e+000
3.421316511964047e-003	1.934987e+000
3.431082136964047e-003	1.962403e+000
3.440847761964047e-003	1.991777e+000
3.450613386964047e-003	2.023110e+000
3.460379011964047e-003	2.056402e+000
3.470144636964046e-003	2.091651e+000
3.475724994106904e-003	2.112401e+000
3.481305351249760e-003	2.133562e+000
3.486885708392618e-003	2.155135e+000
3.492466065535474e-003	2.177118e+000
3.498046422678332e-003	2.199513e+000
3.503626779821188e-003	2.222320e+000
3.509207136964045e-003	2.245538e+000
3.514787494106903e-003	2.269076e+000
3.520367851249759e-003	2.292826e+000
3.525948208392617e-003	2.316789e+000
3.531528565535473e-003	2.340963e+000
3.537108922678331e-003	2.365348e+000
3.542689279821187e-003	2.389946e+000
3.548269636964045e-003	2.414756e+000
3.556628612507991e-003	2.451990e+000
3.560659662627726e-003	2.470011e+000
3.562613139495811e-003	2.478752e+000
3.564348180400178e-003	2.486509e+000
3.566298965439597e-003	2.495248e+000
3.567963603744855e-003	2.502704e+000
3.569345885621746e-003	2.508893e+000
3.570728167498636e-003	2.515081e+000
3.572110449375527e-003	2.521267e+000
3.573492731252418e-003	2.527453e+000
3.574875013129308e-003	2.533636e+000
3.576257295006199e-003	2.539818e+000
3.577639576883090e-003	2.545999e+000
3.582211920435172e-003	2.566455e+000
3.586784263987255e-003	2.586820e+000
3.591356607539337e-003	2.607093e+000
3.595928951091420e-003	2.627275e+000
3.600501294643502e-003	2.647365e+000
3.605073638195585e-003	2.667365e+000
3.609645981747667e-003	2.687273e+000
3.619411606747667e-003	2.729176e+000
3.629177231747667e-003	2.770216e+000
3.634757588890524e-003	2.793284e+000
3.640337946033381e-003	2.815924e+000
3.645918303176238e-003	2.838134e+000
3.651498660319095e-003	2.859916e+000
3.657079017461952e-003	2.881269e+000
3.662659374604809e-003	2.902192e+000
3.668239731747666e-003	2.922686e+000
3.673122544247666e-003	2.940136e+000
3.678005356747666e-003	2.957172e+000
3.682888169247666e-003	2.973779e+000
3.689863615676237e-003	2.996823e+000
3.696839062104808e-003	3.018816e+000
3.703814508533380e-003	3.039756e+000
3.710789954961951e-003	3.059645e+000
3.717765401390522e-003	3.078481e+000
3.724740847819093e-003	3.096265e+000
3.731716294247665e-003	3.112997e+000
3.736599106747665e-003	3.123969e+000
3.741481919247665e-003	3.134332e+000
3.746364731747665e-003	3.144086e+000
3.751247544247664e-003	3.153232e+000
3.756130356747664e-003	3.161768e+000
3.761013169247664e-003	3.169696e+000
3.765895981747664e-003	3.177015e+000
3.771476338890521e-003	3.184593e+000
3.777056696033378e-003	3.191313e+000
3.782637053176235e-003	3.197176e+000
3.788217410319092e-003	3.202181e+000
3.793797767461949e-003	3.206329e+000
3.799378124604806e-003	3.209620e+000
3.804958481747663e-003	3.212053e+000
3.819606919247663e-003	3.214241e+000
3.828790094312448e-003	3.212679e+000
3.830664175099061e-003	3.212033e+000
3.832805171214115e-003	3.211210e+000
3.832822120644027e-003	3.211203e+000
3.832980315323205e-003	3.211135e+000
3.833252703437905e-003	3.211016e+000
3.833378794089745e-003	3.210960e+000
3.834828410169525e-003	3.210288e+000
3.834888386415139e-003	3.210258e+000
3.834918496808395e-003	3.210240e+000
3.834929830011465e-003	3.210219e+000
3.834937238026763e-003	3.210181e+000
3.834941387829003e-003	3.210134e+000
3.834946942884770e-003	3.210030e+000
3.834952042918491e-003	3.209887e+000
3.834960980101050e-003	3.209554e+000
3.834969023635055e-003	3.209213e+000
3.834976790305051e-003	3.208882e+000
3.834984084470625e-003	3.208604e+000
3.834988031184143e-003	3.208488e+000
3.834991181160824e-003	3.208428e+000
3.834994860267145e-003	3.208388e+000
3.834997395925566e-003	3.208372e+000
3.835000677853482e-003	3.208358e+000
3.835003881001101e-003	3.208348e+000
3.835008725046822e-003	3.208337e+000
3.835013905401248e-003	3.208326e+000
3.835021907265257e-003	3.208312e+000
3.835031863997063e-003	3.208295e+000
3.835050333793768e-003	3.208266e+000
3.835075629865227e-003	3.208228e+000
3.835103473677177e-003	3.208188e+000
3.835129646171056e-003	3.208153e+000
3.835166766667873e-003	3.208105e+000
3.835208646906437e-003	3.208054e+000
3.835253418436159e-003	3.208002e+000
3.835302222751625e-003	3.207947e+000
3.835359391398749e-003	3.207887e+000
3.835473728692996e-003	3.207774e+000
3.835588898868269e-003	3.207668e+000
3.835693218413205e-003	3.207580e+000
3.835797591277300e-003	3.207497e+000
3.835940569023888e-003	3.207389e+000
3.836086033504076e-003	3.207281e+000
3.836218835211843e-003	3.207183e+000
3.836417663619544e-003	3.207035e+000
3.836546553254505e-003	3.206939e+000
3.836676047605065e-003	3.206845e+000
3.836854703814984e-003	3.206720e+000
3.837033643669096e-003	3.206600e+000
3.837250164316095e-003	3.206460e+000
3.837445544688000e-003	3.206336e+000
3.837668482987741e-003	3.206192e+000
3.837907859537367e-003	3.206038e+000
3.838105761951366e-003	3.205911e+000
3.838362591951395e-003	3.205752e+000
3.838631141388747e-003	3.205593e+000
3.838927151582534e-003	3.205423e+000
3.839260425659464e-003	3.205231e+000
3.839664980259899e-003	3.204995e+000
3.840109949897247e-003	3.204733e+000
3.841049416447869e-003	3.204166e+000
3.843831268652883e-003	3.202324e+000
3.846613120857896e-003	3.200233e+000
3.849394973062910e-003	3.197895e+000
3.852176825267924e-003	3.195310e+000
3.854958677472937e-003	3.192477e+000
3.857740529677951e-003	3.189396e+000
3.860522381882964e-003	3.186067e+000
3.866102739025821e-003	3.178753e+000
3.871683096168678e-003	3.170595e+000
3.877263453311535e-003	3.161594e+000
3.882843810454392e-003	3.151750e+000
3.888424167597249e-003	3.141062e+000
3.894004524740106e-003	3.129531e+000
3.899584881882963e-003	3.117157e+000
3.909350506882963e-003	3.093452e+000
3.919116131882963e-003	3.067769e+000
3.928881756882963e-003	3.040107e+000
3.938647381882963e-003	3.010466e+000
3.948413006882963e-003	2.978845e+000
3.958178631882962e-003	2.945247e+000
3.967944256882962e-003	2.909669e+000
3.974222158668677e-003	2.886072e+000
3.980500060454390e-003	2.861973e+000
3.986777962240105e-003	2.837371e+000
3.993055864025819e-003	2.812267e+000
3.999333765811533e-003	2.786660e+000
4.005611667597247e-003	2.760550e+000
4.011889569382961e-003	2.733938e+000
4.018167471168676e-003	2.706956e+000
4.024445372954389e-003	2.679761e+000
4.030723274740104e-003	2.652354e+000
4.037001176525818e-003	2.624734e+000
4.043279078311532e-003	2.596901e+000
4.049556980097246e-003	2.568855e+000
4.055834881882960e-003	2.540597e+000
4.064902962240103e-003	2.499512e+000
4.073971042597245e-003	2.458761e+000
4.083039122954388e-003	2.418345e+000
4.092107203311531e-003	2.378263e+000
4.101175283668674e-003	2.338515e+000
4.110243364025816e-003	2.299102e+000
4.119311444382959e-003	2.260023e+000
4.130472158668673e-003	2.212894e+000
4.141632872954387e-003	2.167712e+000
4.152793587240101e-003	2.124476e+000
4.163954301525815e-003	2.083187e+000
4.175115015811529e-003	2.043843e+000
4.186275730097243e-003	2.006446e+000
4.197436444382957e-003	1.970996e+000
4.203016801525814e-003	1.954443e+000
4.208597158668672e-003	1.938609e+000
4.214177515811528e-003	1.923494e+000
4.219757872954385e-003	1.909097e+000
4.225338230097242e-003	1.895419e+000
4.230918587240100e-003	1.882460e+000
4.236498944382956e-003	1.870220e+000
4.242776846168671e-003	1.857387e+000
4.249054747954385e-003	1.845598e+000
4.255332649740099e-003	1.834853e+000
4.261610551525813e-003	1.825150e+000
4.267888453311527e-003	1.816491e+000
4.274166355097241e-003	1.808876e+000
4.280444256882955e-003	1.802303e+000
4.282854623849946e-003	1.800051e+000
4.285264990816937e-003	1.797959e+000
4.287675357783927e-003	1.796028e+000
4.290085724750918e-003	1.794258e+000
4.292496091717908e-003	1.792649e+000
4.294906458684899e-003	1.791201e+000
4.297316825651890e-003	1.789913e+000
4.302430391586885e-003	1.787817e+000
4.312196016586885e-003	1.785639e+000
4.317078829086885e-003	1.785499e+000
4.321961641586884e-003	1.785915e+000
4.324007404925829e-003	1.786278e+000
4.325779372955741e-003	1.786726e+000
4.328029288699213e-003	1.787389e+000
4.328046476267401e-003	1.787395e+000
4.329276648729469e-003	1.787833e+000
4.329951466035637e-003	1.788090e+000
4.329961804227807e-003	1.788104e+000
4.329982480612148e-003	1.788164e+000
4.329989361557301e-003	1.788189e+000
4.329995094284474e-003	1.788208e+000
4.330002558682170e-003	1.788227e+000
4.330011027123079e-003	1.788245e+000
4.330023708331120e-003	1.788268e+000
4.330039761756412e-003	1.788294e+000
4.330066710540237e-003	1.788329e+000
4.330099623654930e-003	1.788366e+000
4.330150963653093e-003	1.788414e+000
4.330202858397825e-003	1.788455e+000
4.330286356079701e-003	1.788515e+000
4.330376960582639e-003	1.788574e+000
4.330491418937166e-003	1.788646e+000
4.330614561483661e-003	1.788720e+000
4.330860846576651e-003	1.788865e+000
4.331081997277499e-003	1.788994e+000
4.331499191583890e-003	1.789238e+000
4.331797411642072e-003	1.789414e+000
4.332021136299996e-003	1.789545e+000
4.332298836613616e-003	1.789702e+000
4.332666063631499e-003	1.789899e+000
4.333260867438914e-003	1.790210e+000
4.334068505045583e-003	1.790641e+000
4.336838502233984e-003	1.792222e+000
4.339608499422386e-003	1.794004e+000
4.342378496610787e-003	1.795988e+000
4.345148493799189e-003	1.798174e+000
4.347918490987590e-003	1.800561e+000
4.350688488175992e-003	1.803149e+000
4.353458485364393e-003	1.805939e+000
4.360433931792964e-003	1.813820e+000
4.367409378221536e-003	1.822941e+000
4.374384824650107e-003	1.833304e+000
4.381360271078678e-003	1.844908e+000
4.388335717507249e-003	1.857753e+000
4.395311163935821e-003	1.871839e+000
4.402286610364392e-003	1.887166e+000
4.412052235364392e-003	1.910783e+000
4.421817860364392e-003	1.936352e+000
4.431583485364391e-003	1.963873e+000
4.441349110364391e-003	1.993348e+000
4.451114735364391e-003	2.024775e+000
4.460880360364391e-003	2.058156e+000
4.470645985364390e-003	2.093489e+000
4.476226342507247e-003	2.114282e+000
4.481806699650105e-003	2.135485e+000
4.487387056792962e-003	2.157097e+000
4.492967413935818e-003	2.179117e+000
4.498547771078675e-003	2.201547e+000
4.504128128221533e-003	2.224386e+000
4.509708485364390e-003	2.247633e+000
4.515288842507246e-003	2.271198e+000
4.520869199650104e-003	2.294973e+000
4.526449556792961e-003	2.318956e+000
4.532029913935818e-003	2.343149e+000
4.537610271078674e-003	2.367551e+000
4.543190628221532e-003	2.392163e+000
4.548770985364389e-003	2.416983e+000
4.555647796720074e-003	2.447764e+000
4.562524608075759e-003	2.478505e+000
4.569401419431444e-003	2.509207e+000
4.576278230787130e-003	2.539869e+000
4.583155042142816e-003	2.570492e+000
4.590031853498501e-003	2.601075e+000
4.596908664854186e-003	2.631618e+000
4.610749809873129e-003	2.692041e+000
4.620515434873128e-003	2.733857e+000
4.630281059873128e-003	2.774790e+000
4.635861417015985e-003	2.797789e+000
4.641441774158843e-003	2.820355e+000
4.647022131301699e-003	2.842486e+000
4.652602488444556e-003	2.864182e+000
4.658182845587413e-003	2.885445e+000
4.663763202730271e-003	2.906272e+000
4.669343559873127e-003	2.926666e+000
4.674226372373127e-003	2.944024e+000
4.679109184873127e-003	2.960965e+000
4.683991997373127e-003	2.977472e+000
4.690967443801698e-003	3.000368e+000
4.697942890230270e-003	3.022206e+000
4.704918336658841e-003	3.042985e+000
4.711893783087412e-003	3.062707e+000
4.718869229515983e-003	3.081371e+000
4.725844675944555e-003	3.098976e+000
4.732820122373126e-003	3.115524e+000
4.738400479515983e-003	3.127871e+000
4.743980836658840e-003	3.139415e+000
4.749561193801697e-003	3.150157e+000
4.755141550944554e-003	3.160096e+000
4.760721908087411e-003	3.169231e+000
4.766302265230268e-003	3.177564e+000
4.771882622373125e-003	3.185094e+000
4.778160524158840e-003	3.192545e+000
4.784438425944553e-003	3.198900e+000
4.790716327730268e-003	3.204161e+000
4.796994229515982e-003	3.208327e+000
4.803272131301696e-003	3.211397e+000
4.809550033087410e-003	3.213373e+000
4.815827934873124e-003	3.214253e+000
4.825593559873124e-003	3.213486e+000
4.831951715781368e-003	3.211548e+000
4.833268452627875e-003	3.211008e+000
4.833512839300053e-003	3.210900e+000
4.834437606347641e-003	3.210474e+000
4.834849541085670e-003	3.210277e+000
4.834850573271769e-003	3.210276e+000
4.834852637643970e-003	3.210275e+000
4.834856766388369e-003	3.210273e+000
4.834881538854766e-003	3.210261e+000
4.834914568809964e-003	3.210245e+000
4.834931150973041e-003	3.210235e+000
4.834941094381122e-003	3.210219e+000
4.834946736426209e-003	3.210196e+000
4.834950650176494e-003	3.210161e+000
4.834955530867806e-003	3.210089e+000
4.834960720697680e-003	3.209970e+000
4.834967535857482e-003	3.209749e+000
4.834975163027997e-003	3.209443e+000
4.834983598025833e-003	3.209078e+000
4.834991470371366e-003	3.208752e+000
4.834997285403587e-003	3.208546e+000
4.835000831271029e-003	3.208456e+000
4.835004304588823e-003	3.208402e+000
4.835007190848190e-003	3.208376e+000
4.835010025183328e-003	3.208361e+000
4.835013047860051e-003	3.208349e+000
4.835016981742791e-003	3.208338e+000
4.835021567188262e-003	3.208328e+000
4.835027802266394e-003	3.208316e+000
4.835035726401854e-003	3.208302e+000
4.835048223314837e-003	3.208281e+000
4.835067830737690e-003	3.208250e+000
4.835091002900215e-003	3.208216e+000
4.835119147343274e-003	3.208176e+000
4.835145295737747e-003	3.208141e+000
4.835189723285355e-003	3.208085e+000
4.835232771908396e-003	3.208033e+000
4.835285501726194e-003	3.207973e+000
4.835343826829288e-003	3.207909e+000
4.835406339525335e-003	3.207844e+000
4.835527412112819e-003	3.207728e+000
4.835641513097743e-003	3.207626e+000
4.835757140354637e-003	3.207531e+000
4.835892899410003e-003	3.207427e+000
4.836038711459460e-003	3.207318e+000
4.836175494342366e-003	3.207217e+000
4.836329400082504e-003	3.207102e+000
4.836541823033620e-003	3.206944e+000
4.836684792751591e-003	3.206840e+000
4.836840856350074e-003	3.206730e+000
4.837013331584076e-003	3.206614e+000
4.837264304047956e-003	3.206451e+000
4.837460141474065e-003	3.206326e+000
4.837686712532599e-003	3.206181e+000
4.837921547790857e-003	3.206029e+000
4.838117036297689e-003	3.205904e+000
4.838370924388953e-003	3.205746e+000
4.838636774640503e-003	3.205589e+000
4.838932304351450e-003	3.205419e+000
4.839268298122679e-003	3.205225e+000
4.839650248805743e-003	3.205003e+000
4.840100974043469e-003	3.204737e+000
4.840988807091685e-003	3.204202e+000
4.842959637225074e-003	3.202932e+000
4.848164164373528e-003	3.198880e+000
4.853368691521981e-003	3.194036e+000
4.858573218670436e-003	3.188401e+000
4.863777745818889e-003	3.181974e+000
4.868982272967343e-003	3.174756e+000
4.874186800115797e-003	3.166746e+000
4.879391327264251e-003	3.157944e+000
4.887064318335679e-003	3.143570e+000
4.894737309407107e-003	3.127778e+000
4.902410300478536e-003	3.110569e+000
4.910083291549965e-003	3.091942e+000
4.917756282621393e-003	3.071899e+000
4.925429273692821e-003	3.050438e+000
4.933102264764250e-003	3.027560e+000
4.941472800478535e-003	3.001135e+000
4.949843336192821e-003	2.973527e+000
4.958213871907106e-003	2.944734e+000
4.966584407621392e-003	2.914758e+000
4.974954943335677e-003	2.883598e+000
4.983325479049963e-003	2.851253e+000
4.991696014764248e-003	2.817725e+000
4.996578827264248e-003	2.797901e+000
5.000000000000000e-003	2.783876e+000
