time,V(vout3),V(vp)-V(vm)
0.000000000000000e+000,2.500675e+000,0.000000e+000
1.307837599790555e-007,2.500675e+000,5.790165e-006
2.615675199581111e-007,2.500675e+000,1.158033e-005
3.923512799371666e-007,2.500675e+000,1.737050e-005
5.231350399162222e-007,2.500675e+000,2.316066e-005
6.539187998952777e-007,2.500675e+000,2.895083e-005
7.847025598743332e-007,2.500675e+000,3.474099e-005
9.154863198533885e-007,2.500675e+000,4.053116e-005
1.227294864293549e-006,2.500675e+000,5.435944e-005
1.515046385248624e-006,2.500675e+000,6.723404e-005
1.874295665269810e-006,2.500674e+000,8.320808e-005
2.351676796625933e-006,2.500674e+000,1.044273e-004
2.890618758551958e-006,2.500674e+000,1.282692e-004
3.744188932363877e-006,2.500673e+000,1.661777e-004
4.817543260295509e-006,2.500670e+000,2.138615e-004
6.289727863100369e-006,2.500663e+000,2.794266e-004
8.034992378041057e-006,2.500645e+000,3.566742e-004
1.044621977694314e-005,2.500592e+000,4.637241e-004
1.297258258638677e-005,2.500489e+000,5.755424e-004
1.520681549659633e-005,2.500329e+000,6.744862e-004
1.770822787556689e-005,2.500051e+000,7.851124e-004
1.997749676416616e-005,2.499679e+000,8.852482e-004
2.262330369342999e-005,2.499050e+000,1.001596e-003
2.598645818131393e-005,2.497886e+000,1.149416e-003
3.053563591804343e-005,2.495609e+000,1.348019e-003
3.541844841804343e-005,2.492159e+000,1.560211e-003
4.030126091804342e-005,2.487479e+000,1.770973e-003
4.518407341804342e-005,2.481421e+000,1.980066e-003
5.006688591804342e-005,2.473896e+000,2.187252e-003
5.494969841804342e-005,2.464852e+000,2.392530e-003
5.983251091804341e-005,2.454273e+000,2.595663e-003
6.471532341804341e-005,2.442175e+000,2.796173e-003
6.959813591804342e-005,2.428605e+000,2.993584e-003
7.448094841804342e-005,2.413634e+000,3.189087e-003
7.936376091804342e-005,2.397355e+000,3.380775e-003
8.424657341804343e-005,2.379876e+000,3.569603e-003
8.912938591804343e-005,2.361320e+000,3.755093e-003
9.401219841804344e-005,2.341817e+000,3.937244e-003
9.889501091804344e-005,2.321505e+000,4.115582e-003
1.037778234180435e-004,2.300524e+000,4.289865e-003
1.086606359180435e-004,2.279013e+000,4.460335e-003
1.135434484180435e-004,2.257109e+000,4.626274e-003
1.184262609180435e-004,2.234947e+000,4.788160e-003
1.233090734180435e-004,2.212654e+000,4.945517e-003
1.281918859180435e-004,2.190348e+000,5.098104e-003
1.330746984180435e-004,2.168143e+000,5.246162e-003
1.379575109180435e-004,2.146142e+000,5.388737e-003
1.428403234180435e-004,2.124437e+000,5.526543e-003
1.477231359180435e-004,2.103112e+000,5.659103e-003
1.526059484180435e-004,2.082242e+000,5.786419e-003
1.574887609180435e-004,2.061892e+000,5.908251e-003
1.623715734180435e-004,2.042116e+000,6.024599e-003
1.672543859180435e-004,2.022963e+000,6.135225e-003
1.721371984180435e-004,2.004470e+000,6.240129e-003
1.770200109180435e-004,1.986669e+000,6.339073e-003
1.819028234180435e-004,1.969585e+000,6.432056e-003
1.867856359180435e-004,1.953235e+000,6.519079e-003
1.916684484180435e-004,1.937632e+000,6.599665e-003
1.965512609180435e-004,1.922783e+000,6.674528e-003
2.014340734180435e-004,1.908694e+000,6.742716e-003
2.063168859180435e-004,1.895364e+000,6.804705e-003
2.111996984180435e-004,1.882790e+000,6.860495e-003
2.160825109180435e-004,1.870969e+000,6.909370e-003
2.209653234180435e-004,1.859893e+000,6.952047e-003
2.258481359180435e-004,1.849555e+000,6.988287e-003
2.307309484180435e-004,1.839947e+000,7.017612e-003
2.453793859180436e-004,1.815412e+000,7.066488e-003
2.516572877037579e-004,1.806853e+000,7.068799e-003
2.579351894894721e-004,1.799396e+000,7.060270e-003
2.642130912751864e-004,1.793041e+000,7.040900e-003
2.704909930609007e-004,1.787788e+000,7.010689e-003
2.767688948466150e-004,1.783637e+000,6.969637e-003
2.830467966323293e-004,1.780587e+000,6.917744e-003
2.893246984180436e-004,1.778639e+000,6.855011e-003
2.963001448466151e-004,1.777716e+000,6.772012e-003
3.032755912751865e-004,1.778106e+000,6.676557e-003
3.102510377037579e-004,1.779810e+000,6.568646e-003
3.172264841323293e-004,1.782827e+000,6.448279e-003
3.242019305609008e-004,1.787158e+000,6.315455e-003
3.311773769894722e-004,1.792802e+000,6.170176e-003
3.381528234180436e-004,1.799760e+000,6.012440e-003
3.528012609180437e-004,1.818570e+000,5.645275e-003
3.674496984180437e-004,1.843018e+000,5.229950e-003
3.772153234180437e-004,1.862381e+000,4.928589e-003
3.869809484180437e-004,1.884133e+000,4.608870e-003
3.932588502037580e-004,1.899411e+000,4.392926e-003
3.995367519894722e-004,1.915565e+000,4.171045e-003
4.058146537751866e-004,1.932595e+000,3.943229e-003
4.120925555609009e-004,1.950500e+000,3.709477e-003
4.183704573466152e-004,1.969282e+000,3.469788e-003
4.246483591323295e-004,1.988939e+000,3.224164e-003
4.309262609180437e-004,2.009473e+000,2.972603e-003
4.399943412751866e-004,2.040677e+000,2.599526e-003
4.490624216323294e-004,2.073113e+000,2.221098e-003
4.581305019894723e-004,2.106783e+000,1.837317e-003
4.671985823466152e-004,2.141684e+000,1.448184e-003
4.762666627037580e-004,2.177819e+000,1.053698e-003
4.853347430609009e-004,2.215186e+000,6.538605e-004
4.944028234180437e-004,2.253786e+000,2.486706e-004
4.999831805609008e-004,2.277844e+000,1.070451e-007
5.055635377037580e-004,2.302102e+000,-2.476974e-004
5.111438948466151e-004,2.326560e+000,-4.947429e-004
5.167242519894724e-004,2.351217e+000,-7.410293e-004
5.223046091323295e-004,2.376074e+000,-9.865566e-004
5.278849662751867e-004,2.401131e+000,-1.231325e-003
5.334653234180438e-004,2.426387e+000,-1.475334e-003
5.404407698466152e-004,2.458138e+000,-1.778325e-003
5.474162162751867e-004,2.489820e+000,-2.076470e-003
5.543916627037581e-004,2.521431e+000,-2.369769e-003
5.613671091323295e-004,2.552972e+000,-2.658221e-003
5.683425555609010e-004,2.584443e+000,-2.941827e-003
5.753180019894724e-004,2.615844e+000,-3.220587e-003
5.822934484180438e-004,2.647175e+000,-3.494501e-003
5.934541627037581e-004,2.697020e+000,-3.920988e-003
6.046148769894724e-004,2.745331e+000,-4.323614e-003
6.157755912751867e-004,2.792108e+000,-4.702378e-003
6.269363055609011e-004,2.837352e+000,-5.057281e-003
6.380970198466153e-004,2.881063e+000,-5.388323e-003
6.492577341323296e-004,2.923240e+000,-5.695504e-003
6.604184484180439e-004,2.963884e+000,-5.978823e-003
6.687889841323296e-004,2.992647e+000,-6.169815e-003
6.771595198466153e-004,3.019875e+000,-6.342727e-003
6.855300555609011e-004,3.045570e+000,-6.497558e-003
6.939005912751868e-004,3.069731e+000,-6.634308e-003
7.022711269894725e-004,3.092359e+000,-6.752978e-003
7.106416627037582e-004,3.113452e+000,-6.853566e-003
7.190121984180439e-004,3.133012e+000,-6.936073e-003
7.245925555609010e-004,3.145007e+000,-6.979826e-003
7.301729127037582e-004,3.156179e+000,-7.014897e-003
7.357532698466153e-004,3.166530e+000,-7.041289e-003
7.413336269894726e-004,3.176057e+000,-7.059000e-003
7.469139841323297e-004,3.184763e+000,-7.068031e-003
7.524943412751869e-004,3.192646e+000,-7.068381e-003
7.580746984180440e-004,3.199707e+000,-7.060051e-003
7.636550555609011e-004,3.205893e+000,-7.043099e-003
7.692354127037583e-004,3.211200e+000,-7.017583e-003
7.748157698466154e-004,3.215629e+000,-6.983504e-003
7.803961269894726e-004,3.219178e+000,-6.940861e-003
7.859764841323297e-004,3.221848e+000,-6.889655e-003
7.915568412751869e-004,3.223639e+000,-6.829885e-003
7.971371984180440e-004,3.224551e+000,-6.761551e-003
8.013224662751869e-004,3.224643e+000,-6.704890e-003
8.055077341323297e-004,3.224236e+000,-6.643694e-003
8.096930019894726e-004,3.223331e+000,-6.577964e-003
8.138782698466154e-004,3.221927e+000,-6.507698e-003
8.180635377037583e-004,3.220025e+000,-6.432898e-003
8.222488055609012e-004,3.217625e+000,-6.353563e-003
8.264340734180440e-004,3.214726e+000,-6.269693e-003
8.313168859180440e-004,3.210711e+000,-6.166366e-003
8.361996984180440e-004,3.206042e+000,-6.057472e-003
8.410825109180440e-004,3.200717e+000,-5.943011e-003
8.459653234180440e-004,3.194738e+000,-5.822985e-003
8.508481359180440e-004,3.188104e+000,-5.697391e-003
8.557309484180441e-004,3.180816e+000,-5.566232e-003
8.606137609180441e-004,3.172873e+000,-5.429506e-003
8.668916627037584e-004,3.161698e+000,-5.246065e-003
8.731695644894727e-004,3.149548e+000,-5.055209e-003
8.794474662751870e-004,3.136423e+000,-4.856937e-003
8.857253680609012e-004,3.122322e+000,-4.651250e-003
8.920032698466155e-004,3.107247e+000,-4.438147e-003
8.982811716323298e-004,3.091195e+000,-4.217630e-003
9.045590734180441e-004,3.074169e+000,-3.989697e-003
9.143246984180441e-004,3.045699e+000,-3.620707e-003
9.240903234180441e-004,3.015484e+000,-3.241734e-003
9.338559484180441e-004,2.983525e+000,-2.852776e-003
9.436215734180441e-004,2.949822e+000,-2.453833e-003
9.533871984180441e-004,2.914374e+000,-2.044906e-003
9.631528234180441e-004,2.877181e+000,-1.625995e-003
9.729184484180442e-004,2.838243e+000,-1.197100e-003
9.784988055609011e-004,2.815529e+000,-9.514750e-004
9.840791627037581e-004,2.792500e+000,-7.054027e-004
9.896595198466151e-004,2.769157e+000,-4.588828e-004
9.952398769894723e-004,2.745500e+000,-2.119152e-004
1.000820234132329e-003,2.721529e+000,3.550004e-005
1.006400591275186e-003,2.697244e+000,2.833629e-004
1.011980948418043e-003,2.672644e+000,5.316734e-004
1.018258850203757e-003,2.644692e+000,8.103410e-004
1.024536751989472e-003,2.616627e+000,1.086673e-003
1.030814653775186e-003,2.588449e+000,1.360669e-003
1.037092555560900e-003,2.560157e+000,1.632330e-003
1.043370457346614e-003,2.531753e+000,1.901656e-003
1.049648359132328e-003,2.503235e+000,2.168646e-003
1.055926260918042e-003,2.474604e+000,2.433300e-003
1.064994341275185e-003,2.433167e+000,2.810089e-003
1.074062421632328e-003,2.392278e+000,3.174928e-003
1.083130501989471e-003,2.351938e+000,3.527816e-003
1.092198582346613e-003,2.312145e+000,3.868755e-003
1.101266662703756e-003,2.272901e+000,4.197743e-003
1.110334743060898e-003,2.234205e+000,4.514782e-003
1.119402823418041e-003,2.196057e+000,4.819870e-003
1.130563537703755e-003,2.150382e+000,5.173805e-003
1.141724251989469e-003,2.106933e+000,5.498760e-003
1.152884966275183e-003,2.065712e+000,5.794734e-003
1.164045680560897e-003,2.026718e+000,6.061729e-003
1.175206394846611e-003,1.989952e+000,6.299744e-003
1.186367109132325e-003,1.955413e+000,6.508779e-003
1.197527823418039e-003,1.923101e+000,6.688833e-003
1.203108180560896e-003,1.908197e+000,6.765015e-003
1.208688537703753e-003,1.894063e+000,6.832731e-003
1.214268894846610e-003,1.880699e+000,6.891980e-003
1.219849251989468e-003,1.868104e+000,6.942764e-003
1.225429609132325e-003,1.856280e+000,6.985080e-003
1.231009966275182e-003,1.845226e+000,7.018931e-003
1.236590323418039e-003,1.834941e+000,7.044315e-003
1.242868225203753e-003,1.824363e+000,7.062211e-003
1.249146126989467e-003,1.814870e+000,7.069169e-003
1.255424028775181e-003,1.806463e+000,7.065189e-003
1.261701930560895e-003,1.799141e+000,7.050271e-003
1.267979832346609e-003,1.792904e+000,7.024415e-003
1.274257734132324e-003,1.787752e+000,6.987620e-003
1.280535635918038e-003,1.783686e+000,6.939888e-003
1.286115993060895e-003,1.781031e+000,6.888030e-003
1.291696350203752e-003,1.779265e+000,6.827958e-003
1.297276707346609e-003,1.778386e+000,6.759673e-003
1.302857064489466e-003,1.778394e+000,6.683174e-003
1.308437421632323e-003,1.779291e+000,6.598463e-003
1.314017778775180e-003,1.781075e+000,6.505538e-003
1.319598135918037e-003,1.783748e+000,6.404400e-003
1.323783403775180e-003,1.786337e+000,6.323211e-003
1.327968671632322e-003,1.789414e+000,6.237818e-003
1.332153939489465e-003,1.792979e+000,6.148222e-003
1.336339207346608e-003,1.797033e+000,6.054421e-003
1.340524475203751e-003,1.801575e+000,5.956416e-003
1.344709743060893e-003,1.806605e+000,5.854208e-003
1.348895010918036e-003,1.812123e+000,5.747795e-003
1.354475368060893e-003,1.820243e+000,5.599625e-003
1.360055725203750e-003,1.829169e+000,5.445033e-003
1.365636082346607e-003,1.838903e+000,5.284017e-003
1.371216439489464e-003,1.849444e+000,5.116579e-003
1.376796796632321e-003,1.860792e+000,4.942719e-003
1.382377153775178e-003,1.872947e+000,4.762435e-003
1.387957510918035e-003,1.885909e+000,4.575729e-003
1.395630501989464e-003,1.905048e+000,4.309080e-003
1.403303493060892e-003,1.925446e+000,4.034062e-003
1.410976484132321e-003,1.947103e+000,3.750675e-003
1.418649475203749e-003,1.970018e+000,3.458918e-003
1.426322466275177e-003,1.994192e+000,3.158793e-003
1.433995457346606e-003,2.019625e+000,2.850299e-003
1.441668448418034e-003,2.046317e+000,2.533436e-003
1.450038984132320e-003,2.076718e+000,2.180533e-003
1.458409519846605e-003,2.108069e+000,1.824068e-003
1.466780055560891e-003,2.140371e+000,1.464041e-003
1.475150591275176e-003,2.173622e+000,1.100453e-003
1.483521126989462e-003,2.207824e+000,7.333026e-004
1.491891662703747e-003,2.242975e+000,3.625909e-004
1.500262198418033e-003,2.279077e+000,-1.168251e-005
1.505145010918033e-003,2.300342e+000,-2.289986e-004
1.510027823418033e-003,2.321745e+000,-4.455946e-004
1.514910635918033e-003,2.343286e+000,-6.614705e-004
1.519793448418033e-003,2.364966e+000,-8.766262e-004
1.524676260918032e-003,2.386785e+000,-1.091062e-003
1.529559073418032e-003,2.408742e+000,-1.304777e-003
1.534441885918032e-003,2.430838e+000,-1.517773e-003
1.541417332346603e-003,2.462592e+000,-1.820175e-003
1.548392778775175e-003,2.494270e+000,-2.117712e-003
1.555368225203746e-003,2.525870e+000,-2.410383e-003
1.562343671632317e-003,2.557393e+000,-2.698188e-003
1.569319118060889e-003,2.588840e+000,-2.981128e-003
1.576294564489460e-003,2.620209e+000,-3.259201e-003
1.583270010918031e-003,2.651501e+000,-3.532410e-003
1.594430725203745e-003,2.701269e+000,-3.957252e-003
1.605591439489459e-003,2.749485e+000,-4.358078e-003
1.616752153775173e-003,2.796148e+000,-4.734886e-003
1.627912868060887e-003,2.841260e+000,-5.087677e-003
1.639073582346602e-003,2.884819e+000,-5.416452e-003
1.650234296632316e-003,2.926827e+000,-5.721209e-003
1.661395010918030e-003,2.967282e+000,-6.001949e-003
1.669765546632315e-003,2.995891e+000,-6.190996e-003
1.678136082346601e-003,3.022958e+000,-6.361884e-003
1.686506618060886e-003,3.048483e+000,-6.514613e-003
1.694877153775172e-003,3.072466e+000,-6.649183e-003
1.703247689489457e-003,3.094907e+000,-6.765594e-003
1.711618225203743e-003,3.115807e+000,-6.863847e-003
1.719988760918028e-003,3.135165e+000,-6.943941e-003
1.725569118060885e-003,3.147022e+000,-6.986122e-003
1.731149475203742e-003,3.158054e+000,-7.019680e-003
1.736729832346599e-003,3.168263e+000,-7.044617e-003
1.742310189489456e-003,3.177646e+000,-7.060932e-003
1.747890546632313e-003,3.186206e+000,-7.068624e-003
1.753470903775170e-003,3.193940e+000,-7.067695e-003
1.759051260918027e-003,3.200851e+000,-7.058144e-003
1.764631618060884e-003,3.206885e+000,-7.039600e-003
1.770211975203741e-003,3.212040e+000,-7.012513e-003
1.775792332346598e-003,3.216315e+000,-6.976882e-003
1.781372689489456e-003,3.219710e+000,-6.932706e-003
1.786953046632313e-003,3.222226e+000,-6.879987e-003
1.792533403775170e-003,3.223862e+000,-6.818723e-003
1.798113760918027e-003,3.224618e+000,-6.748915e-003
1.802299028775169e-003,3.224592e+000,-6.691140e-003
1.806484296632312e-003,3.224069e+000,-6.628849e-003
1.810669564489455e-003,3.223047e+000,-6.562043e-003
1.814854832346598e-003,3.221527e+000,-6.490722e-003
1.819040100203740e-003,3.219509e+000,-6.414885e-003
1.823225368060883e-003,3.216993e+000,-6.334533e-003
1.827410635918026e-003,3.213979e+000,-6.249666e-003
1.832990993060883e-003,3.209177e+000,-6.129528e-003
1.838571350203740e-003,3.203525e+000,-6.002285e-003
1.844151707346597e-003,3.197024e+000,-5.867939e-003
1.849732064489454e-003,3.189673e+000,-5.726488e-003
1.855312421632311e-003,3.181473e+000,-5.577934e-003
1.860892778775168e-003,3.172423e+000,-5.422276e-003
1.866473135918025e-003,3.162524e+000,-5.259514e-003
1.872053493060882e-003,3.151797e+000,-5.090052e-003
1.877633850203739e-003,3.140309e+000,-4.914907e-003
1.883214207346596e-003,3.128059e+000,-4.734078e-003
1.888794564489453e-003,3.115048e+000,-4.547567e-003
1.894374921632310e-003,3.101276e+000,-4.355372e-003
1.899955278775167e-003,3.086742e+000,-4.157495e-003
1.905535635918024e-003,3.071447e+000,-3.953934e-003
1.915301260918024e-003,3.042766e+000,-3.583456e-003
1.925066885918024e-003,3.012353e+000,-3.203149e-003
1.934832510918024e-003,2.980208e+000,-2.813013e-003
1.944598135918023e-003,2.946331e+000,-2.413049e-003
1.954363760918023e-003,2.910722e+000,-2.003256e-003
1.964129385918023e-003,2.873382e+000,-1.583635e-003
1.973895010918023e-003,2.834310e+000,-1.154184e-003
1.979475368060880e-003,2.811525e+000,-9.083748e-004
1.985055725203737e-003,2.788432e+000,-6.621565e-004
1.990636082346594e-003,2.765029e+000,-4.155295e-004
1.996216439489451e-003,2.741318e+000,-1.684938e-004
2.001796796632308e-003,2.717297e+000,7.895061e-005
2.007377153775165e-003,2.692968e+000,3.268038e-004
2.012957510918022e-003,2.668329e+000,5.750656e-004
2.019932957346593e-003,2.637186e+000,8.845427e-004
2.026908403775164e-003,2.605934e+000,1.190906e-003
2.033883850203736e-003,2.574571e+000,1.494155e-003
2.040859296632307e-003,2.543099e+000,1.794290e-003
2.047834743060879e-003,2.511516e+000,2.091310e-003
2.054810189489450e-003,2.479824e+000,2.385217e-003
2.061785635918021e-003,2.448021e+000,2.676010e-003
2.071551260918021e-003,2.403494e+000,3.075697e-003
2.081316885918021e-003,2.359739e+000,3.460320e-003
2.091082510918020e-003,2.316755e+000,3.829878e-003
2.100848135918020e-003,2.274543e+000,4.184373e-003
2.110613760918020e-003,2.233104e+000,4.523803e-003
2.120379385918020e-003,2.192436e+000,4.848169e-003
2.130145010918020e-003,2.152540e+000,5.157471e-003
2.140608180560877e-003,2.111289e+000,5.466753e-003
2.151071350203733e-003,2.072121e+000,5.749644e-003
2.161534519846590e-003,2.035035e+000,6.006144e-003
2.171997689489447e-003,2.000031e+000,6.236252e-003
2.182460859132304e-003,1.967109e+000,6.439968e-003
2.192924028775161e-003,1.936269e+000,6.617293e-003
2.203387198418018e-003,1.907512e+000,6.768227e-003
2.208967555560875e-003,1.893377e+000,6.835928e-003
2.214547912703732e-003,1.880027e+000,6.895026e-003
2.220128269846589e-003,1.867463e+000,6.945522e-003
2.225708626989446e-003,1.855685e+000,6.987416e-003
2.231288984132303e-003,1.844692e+000,7.020707e-003
2.236869341275160e-003,1.834485e+000,7.045396e-003
2.242449698418017e-003,1.825063e+000,7.061481e-003
2.249425144846589e-003,1.814467e+000,7.069257e-003
2.256400591275160e-003,1.805227e+000,7.063564e-003
2.263376037703731e-003,1.797342e+000,7.044403e-003
2.270351484132302e-003,1.790814e+000,7.011774e-003
2.277326930560874e-003,1.785642e+000,6.965676e-003
2.284302376989445e-003,1.781826e+000,6.906110e-003
2.291277823418016e-003,1.779366e+000,6.833076e-003
2.296160635918016e-003,1.778491e+000,6.774080e-003
2.301043448418016e-003,1.778295e+000,6.708875e-003
2.305926260918016e-003,1.778778e+000,6.637461e-003
2.310809073418016e-003,1.779941e+000,6.559839e-003
2.315691885918016e-003,1.781782e+000,6.476008e-003
2.320574698418015e-003,1.784302e+000,6.385969e-003
2.325457510918015e-003,1.787501e+000,6.289721e-003
2.330340323418015e-003,1.791382e+000,6.187600e-003
2.335223135918015e-003,1.795918e+000,6.079873e-003
2.340105948418015e-003,1.801111e+000,5.966542e-003
2.344988760918015e-003,1.806959e+000,5.847605e-003
2.349871573418015e-003,1.813463e+000,5.723063e-003
2.354754385918015e-003,1.820623e+000,5.592915e-003
2.359637198418015e-003,1.828438e+000,5.457163e-003
2.365915100203729e-003,1.839451e+000,5.274996e-003
2.372193001989443e-003,1.851442e+000,5.085376e-003
2.378470903775157e-003,1.864412e+000,4.888301e-003
2.384748805560871e-003,1.878361e+000,4.683772e-003
2.391026707346586e-003,1.893288e+000,4.471789e-003
2.397304609132300e-003,1.909194e+000,4.252351e-003
2.403582510918014e-003,1.926080e+000,4.025459e-003
2.413348135918013e-003,1.954337e+000,3.657866e-003
2.423113760918013e-003,1.984351e+000,3.280153e-003
2.432879385918013e-003,2.016123e+000,2.892319e-003
2.442645010918013e-003,2.049652e+000,2.494364e-003
2.452410635918013e-003,2.084938e+000,2.086289e-003
2.462176260918012e-003,2.121982e+000,1.668093e-003
2.471941885918012e-003,2.160783e+000,1.239777e-003
2.477522243060869e-003,2.183427e+000,9.943125e-004
2.483102600203726e-003,2.206390e+000,7.483813e-004
2.488682957346583e-003,2.229672e+000,5.019830e-004
2.494263314489440e-003,2.253274e+000,2.551176e-004
2.499843671632297e-003,2.277195e+000,7.785096e-006
2.505424028775154e-003,2.301435e+000,-2.400145e-004
2.511004385918011e-003,2.325994e+000,-4.882813e-004
2.517282287703726e-003,2.353908e+000,-7.671483e-004
2.523560189489440e-003,2.381941e+000,-1.043738e-003
2.529838091275154e-003,2.410095e+000,-1.318051e-003
2.536115993060868e-003,2.438368e+000,-1.590086e-003
2.542393894846582e-003,2.466762e+000,-1.859845e-003
2.548671796632296e-003,2.495275e+000,-2.127326e-003
2.554949698418010e-003,2.523908e+000,-2.392530e-003
2.563320234132296e-003,2.562134e+000,-2.741123e-003
2.571690769846582e-003,2.599935e+000,-3.079886e-003
2.580061305560867e-003,2.637310e+000,-3.408821e-003
2.588431841275152e-003,2.674259e+000,-3.727927e-003
2.596802376989438e-003,2.710783e+000,-4.037205e-003
2.605172912703724e-003,2.746881e+000,-4.336654e-003
2.613543448418009e-003,2.782554e+000,-4.626274e-003
2.624704162703723e-003,2.829060e+000,-4.993142e-003
2.635864876989437e-003,2.873440e+000,-5.331691e-003
2.647025591275151e-003,2.915696e+000,-5.641923e-003
2.658186305560866e-003,2.955828e+000,-5.923836e-003
2.669347019846580e-003,2.993835e+000,-6.177430e-003
2.680507734132294e-003,3.029716e+000,-6.402707e-003
2.691668448418008e-003,3.063474e+000,-6.599665e-003
2.697946350203722e-003,3.081044e+000,-6.694813e-003
2.704224251989436e-003,3.097653e+000,-6.779238e-003
2.710502153775150e-003,3.113301e+000,-6.852938e-003
2.716780055560864e-003,3.127986e+000,-6.915915e-003
2.723057957346578e-003,3.141710e+000,-6.968167e-003
2.729335859132293e-003,3.154471e+000,-7.009696e-003
2.735613760918007e-003,3.166271e+000,-7.040501e-003
2.741891662703721e-003,3.177012e+000,-7.060265e-003
2.748169564489435e-003,3.186670e+000,-7.069014e-003
2.754447466275149e-003,3.195244e+000,-7.066746e-003
2.760725368060863e-003,3.202735e+000,-7.053463e-003
2.767003269846578e-003,3.209142e+000,-7.029164e-003
2.773281171632292e-003,3.214465e+000,-6.993848e-003
2.779559073418006e-003,3.218705e+000,-6.947517e-003
2.785836975203720e-003,3.221803e+000,-6.890487e-003
2.792114876989434e-003,3.223778e+000,-6.823005e-003
2.798392778775148e-003,3.224629e+000,-6.745071e-003
2.804670680560862e-003,3.224358e+000,-6.656686e-003
2.810948582346577e-003,3.222963e+000,-6.557849e-003
2.817226484132291e-003,3.220445e+000,-6.448561e-003
2.823504385918005e-003,3.216804e+000,-6.328821e-003
2.827689653775147e-003,3.213753e+000,-6.243608e-003
2.831874921632290e-003,3.210216e+000,-6.154250e-003
2.836060189489433e-003,3.206193e+000,-6.060746e-003
2.840245457346576e-003,3.201686e+000,-5.963097e-003
2.844430725203719e-003,3.196693e+000,-5.861302e-003
2.848615993060862e-003,3.191214e+000,-5.755361e-003
2.852801260918004e-003,3.185250e+000,-5.645275e-003
2.858381618060861e-003,3.176541e+000,-5.492094e-003
2.863961975203718e-003,3.167035e+000,-5.332684e-003
2.869542332346575e-003,3.156730e+000,-5.167046e-003
2.875122689489432e-003,3.145628e+000,-4.995181e-003
2.880703046632289e-003,3.133729e+000,-4.817087e-003
2.886283403775146e-003,3.121031e+000,-4.632765e-003
2.891863760918003e-003,3.107536e+000,-4.442215e-003
2.900234296632289e-003,3.085778e+000,-4.144620e-003
2.908604832346574e-003,3.062577e+000,-3.837800e-003
2.916975368060860e-003,3.037932e+000,-3.521754e-003
2.925345903775145e-003,3.011843e+000,-3.196483e-003
2.933716439489431e-003,2.984311e+000,-2.861986e-003
2.942086975203716e-003,2.955335e+000,-2.518265e-003
2.950457510918002e-003,2.924915e+000,-2.165318e-003
2.958130501989430e-003,2.895990e+000,-1.836563e-003
2.965803493060859e-003,2.866326e+000,-1.505472e-003
2.973476484132287e-003,2.835922e+000,-1.172046e-003
2.981149475203716e-003,2.804779e+000,-8.362848e-004
2.988822466275144e-003,2.772897e+000,-4.981878e-004
2.996495457346573e-003,2.740275e+000,-1.577552e-004
3.004168448418001e-003,2.706914e+000,1.850128e-004
3.009748805560858e-003,2.682404e+000,4.334401e-004
3.015329162703715e-003,2.657747e+000,6.805634e-004
3.020909519846572e-003,2.632945e+000,9.263827e-004
3.026489876989429e-003,2.607997e+000,1.170898e-003
3.032070234132286e-003,2.582902e+000,1.414109e-003
3.037650591275143e-003,2.557661e+000,1.656017e-003
3.043230948418000e-003,2.532274e+000,1.896620e-003
3.050206394846571e-003,2.500436e+000,2.194658e-003
3.057181841275142e-003,2.468751e+000,2.487071e-003
3.064157287703714e-003,2.437219e+000,2.773859e-003
3.071132734132285e-003,2.405841e+000,3.055023e-003
3.078108180560857e-003,2.374616e+000,3.330562e-003
3.085083626989428e-003,2.343544e+000,3.600476e-003
3.092059073417999e-003,2.312625e+000,3.864765e-003
3.103917332346570e-003,2.260527e+000,4.299626e-003
3.115775591275141e-003,2.210428e+000,4.705507e-003
3.127633850203712e-003,2.162327e+000,5.082408e-003
3.139492109132284e-003,2.116227e+000,5.430329e-003
3.151350368060855e-003,2.072125e+000,5.749269e-003
3.163208626989426e-003,2.030022e+000,6.039230e-003
3.175066885917997e-003,1.989918e+000,6.300211e-003
3.182739876989426e-003,1.965757e+000,6.448016e-003
3.190412868060854e-003,1.942963e+000,6.580192e-003
3.198085859132283e-003,1.921537e+000,6.696740e-003
3.205758850203711e-003,1.901479e+000,6.797659e-003
3.213431841275139e-003,1.882789e+000,6.882950e-003
3.221104832346568e-003,1.865466e+000,6.952612e-003
3.228777823417996e-003,1.849512e+000,7.006645e-003
3.234358180560853e-003,1.838915e+000,7.035275e-003
3.239938537703710e-003,1.829159e+000,7.055224e-003
3.245518894846567e-003,1.820245e+000,7.066493e-003
3.251099251989424e-003,1.812172e+000,7.069082e-003
3.256679609132281e-003,1.804941e+000,7.062990e-003
3.262259966275138e-003,1.798550e+000,7.048218e-003
3.267840323417995e-003,1.793002e+000,7.024765e-003
3.272723135917995e-003,1.788875e+000,6.997220e-003
3.277605948417995e-003,1.785426e+000,6.963156e-003
3.282488760917995e-003,1.782654e+000,6.922571e-003
3.287371573417995e-003,1.780559e+000,6.875466e-003
3.292254385917995e-003,1.779141e+000,6.821842e-003
3.297137198417995e-003,1.778399e+000,6.761697e-003
3.302020010917995e-003,1.778334e+000,6.695032e-003
3.306205278775137e-003,1.778828e+000,6.632985e-003
3.310390546632280e-003,1.779818e+000,6.566461e-003
3.314575814489423e-003,1.781304e+000,6.495461e-003
3.318761082346566e-003,1.783288e+000,6.419985e-003
3.322946350203708e-003,1.785769e+000,6.340032e-003
3.327131618060851e-003,1.788747e+000,6.255602e-003
3.331316885917994e-003,1.792222e+000,6.166697e-003
3.337594787703708e-003,1.798382e+000,6.024896e-003
3.343872689489422e-003,1.805602e+000,5.874356e-003
3.350150591275136e-003,1.813884e+000,5.715078e-003
3.356428493060851e-003,1.823226e+000,5.547061e-003
3.362706394846565e-003,1.833629e+000,5.370306e-003
3.368984296632279e-003,1.845093e+000,5.184811e-003
3.375262198417993e-003,1.857618e+000,4.990578e-003
3.380145010917993e-003,1.868052e+000,4.834272e-003
3.385027823417993e-003,1.879054e+000,4.673802e-003
3.389910635917993e-003,1.890624e+000,4.509167e-003
3.394793448417993e-003,1.902764e+000,4.340366e-003
3.399676260917992e-003,1.915472e+000,4.167401e-003
3.404559073417992e-003,1.928749e+000,3.990271e-003
3.409441885917992e-003,1.942594e+000,3.808975e-003
3.419905055560849e-003,1.974351e+000,3.404870e-003
3.430368225203706e-003,2.007999e+000,2.990645e-003
3.440831394846563e-003,2.043536e+000,2.566299e-003
3.451294564489420e-003,2.080962e+000,2.131832e-003
3.461757734132277e-003,2.120279e+000,1.687244e-003
3.472220903775134e-003,2.161485e+000,1.232536e-003
3.482684073417991e-003,2.204581e+000,7.677078e-004
3.487566885917991e-003,2.224999e+000,5.513405e-004
3.492449698417990e-003,2.245627e+000,3.349343e-004
3.497332510917990e-003,2.266467e+000,1.184892e-004
3.502215323417990e-003,2.287518e+000,-9.799490e-005
3.507098135917990e-003,2.308779e+000,-3.145179e-004
3.511980948417990e-003,2.330252e+000,-5.310798e-004
3.516863760917990e-003,2.351936e+000,-7.476807e-004
3.524536751989418e-003,2.386411e+000,-1.087515e-003
3.532209743060847e-003,2.420952e+000,-1.422892e-003
3.539882734132275e-003,2.455559e+000,-1.753812e-003
3.547555725203704e-003,2.490233e+000,-2.080275e-003
3.555228716275132e-003,2.524973e+000,-2.402281e-003
3.562901707346561e-003,2.559779e+000,-2.719830e-003
3.570574698417989e-003,2.594651e+000,-3.032923e-003
3.581037868060846e-003,2.642048e+000,-3.449873e-003
3.591501037703703e-003,2.688352e+000,-3.847867e-003
3.601964207346560e-003,2.733562e+000,-4.226904e-003
3.612427376989416e-003,2.777678e+000,-4.586984e-003
3.622890546632273e-003,2.820702e+000,-4.928107e-003
3.633353716275130e-003,2.862631e+000,-5.250274e-003
3.643816885917987e-003,2.903467e+000,-5.553484e-003
3.653582510917987e-003,2.939872e+000,-5.813214e-003
3.663348135917987e-003,2.974325e+000,-6.049083e-003
3.673113760917987e-003,3.006825e+000,-6.261091e-003
3.682879385917986e-003,3.037373e+000,-6.449237e-003
3.692645010917986e-003,3.065968e+000,-6.613522e-003
3.702410635917986e-003,3.092610e+000,-6.753946e-003
3.712176260917986e-003,3.117301e+000,-6.870508e-003
3.719151707346557e-003,3.133384e+000,-6.937076e-003
3.726127153775128e-003,3.148190e+000,-6.990116e-003
3.733102600203700e-003,3.161718e+000,-7.029631e-003
3.740078046632271e-003,3.173969e+000,-7.055618e-003
3.747053493060842e-003,3.184942e+000,-7.068079e-003
3.754028939489413e-003,3.194638e+000,-7.067014e-003
3.761004385917985e-003,3.203056e+000,-7.052422e-003
3.766584743060842e-003,3.208787e+000,-7.030974e-003
3.772165100203699e-003,3.213637e+000,-7.000962e-003
3.777745457346556e-003,3.217605e+000,-6.962387e-003
3.783325814489413e-003,3.220693e+000,-6.915248e-003
3.788906171632270e-003,3.222899e+000,-6.859546e-003
3.794486528775127e-003,3.224224e+000,-6.795280e-003
3.800066885917984e-003,3.224668e+000,-6.722450e-003
3.804252153775127e-003,3.224408e+000,-6.662539e-003
3.808437421632270e-003,3.223652e+000,-6.598132e-003
3.812622689489412e-003,3.222397e+000,-6.529229e-003
3.816807957346555e-003,3.220645e+000,-6.455830e-003
3.820993225203698e-003,3.218396e+000,-6.377935e-003
3.825178493060841e-003,3.215648e+000,-6.295545e-003
3.829363760917983e-003,3.212404e+000,-6.208658e-003
3.835641662703697e-003,3.206588e+000,-6.069816e-003
3.841919564489411e-003,3.199706e+000,-5.922157e-003
3.848197466275126e-003,3.191759e+000,-5.765681e-003
3.854475368060840e-003,3.182747e+000,-5.600389e-003
3.860753269846554e-003,3.172670e+000,-5.426280e-003
3.867031171632268e-003,3.161527e+000,-5.243355e-003
3.873309073417982e-003,3.149319e+000,-5.051613e-003
3.878889430560840e-003,3.137612e+000,-4.874614e-003
3.884469787703696e-003,3.125164e+000,-4.692185e-003
3.890050144846554e-003,3.111975e+000,-4.504325e-003
3.895630501989411e-003,3.098044e+000,-4.311036e-003
3.901210859132268e-003,3.083373e+000,-4.112317e-003
3.906791216275125e-003,3.067961e+000,-3.908167e-003
3.912371573417982e-003,3.051807e+000,-3.698587e-003
3.922137198417982e-003,3.021676e+000,-3.318436e-003
3.931902823417982e-003,2.989904e+000,-2.929546e-003
3.941668448417981e-003,2.956491e+000,-2.531918e-003
3.951434073417981e-003,2.921438e+000,-2.125550e-003
3.961199698417981e-003,2.884743e+000,-1.710444e-003
3.970965323417981e-003,2.846409e+000,-1.286599e-003
3.980730948417981e-003,2.806433e+000,-8.540154e-004
3.985613760917980e-003,2.786125e+000,-6.377405e-004
3.990496573417980e-003,2.765599e+000,-4.214073e-004
3.995379385917980e-003,2.744853e+000,-2.050156e-004
4.000262198417980e-003,2.723888e+000,1.143436e-005
4.005145010917980e-003,2.702704e+000,2.279428e-004
4.010027823417980e-003,2.681302e+000,4.445095e-004
4.014910635917980e-003,2.659680e+000,6.611347e-004
4.021886082346551e-003,2.628458e+000,9.704025e-004
4.028861528775123e-003,2.597143e+000,1.276342e-003
4.035836975203694e-003,2.565735e+000,1.578954e-003
4.042812421632265e-003,2.534234e+000,1.878237e-003
4.049787868060836e-003,2.502640e+000,2.174193e-003
4.056763314489407e-003,2.470953e+000,2.466820e-003
4.063738760917979e-003,2.439173e+000,2.756119e-003
4.073504385917979e-003,2.394708e+000,3.153509e-003
4.083270010917978e-003,2.351046e+000,3.535602e-003
4.093035635917978e-003,2.308188e+000,3.902396e-003
4.102801260917978e-003,2.266133e+000,4.253893e-003
4.112566885917978e-003,2.224882e+000,4.590093e-003
4.122332510917977e-003,2.184435e+000,4.910995e-003
4.132098135917977e-003,2.144792e+000,5.216599e-003
4.142561305560834e-003,2.103846e+000,5.521327e-003
4.153024475203692e-003,2.065011e+000,5.799547e-003
4.163487644846548e-003,2.028287e+000,6.051258e-003
4.173950814489405e-003,1.993672e+000,6.276462e-003
4.184413984132262e-003,1.961169e+000,6.475157e-003
4.194877153775119e-003,1.930775e+000,6.647344e-003
4.205340323417976e-003,1.902493e+000,6.793022e-003
4.210223135917976e-003,1.890318e+000,6.849853e-003
4.215105948417976e-003,1.878744e+000,6.900184e-003
4.219988760917975e-003,1.867771e+000,6.944014e-003
4.224871573417975e-003,1.857399e+000,6.981344e-003
4.229754385917975e-003,1.847628e+000,7.012173e-003
4.234637198417975e-003,1.838457e+000,7.036501e-003
4.239520010917975e-003,1.829887e+000,7.054329e-003
4.246495457346546e-003,1.818740e+000,7.067666e-003
4.253470903775118e-003,1.808943e+000,7.067554e-003
4.260446350203689e-003,1.800496e+000,7.053993e-003
4.267421796632260e-003,1.793401e+000,7.026984e-003
4.274397243060831e-003,1.787656e+000,6.986526e-003
4.281372689489403e-003,1.783261e+000,6.932619e-003
4.288348135917974e-003,1.780217e+000,6.865263e-003
4.293230948417974e-003,1.778934e+000,6.810130e-003
4.298113760917974e-003,1.778329e+000,6.748749e-003
4.302996573417974e-003,1.778405e+000,6.681121e-003
4.307879385917974e-003,1.779160e+000,6.607245e-003
4.312762198417973e-003,1.780594e+000,6.527122e-003
4.317645010917973e-003,1.782708e+000,6.440751e-003
4.322527823417973e-003,1.785501e+000,6.348133e-003
4.326713091275116e-003,1.788437e+000,6.263874e-003
4.330898359132258e-003,1.791860e+000,6.175469e-003
4.335083626989401e-003,1.795768e+000,6.082919e-003
4.339268894846544e-003,1.800162e+000,5.986223e-003
4.343454162703687e-003,1.805043e+000,5.885382e-003
4.347639430560830e-003,1.810410e+000,5.780395e-003
4.351824698417973e-003,1.816262e+000,5.671263e-003
4.356707510917973e-003,1.823701e+000,5.538814e-003
4.361590323417972e-003,1.831757e+000,5.401480e-003
4.366473135917972e-003,1.840430e+000,5.259261e-003
4.371355948417972e-003,1.849721e+000,5.112157e-003
4.376238760917972e-003,1.859628e+000,4.960167e-003
4.381121573417972e-003,1.870153e+000,4.803293e-003
4.386004385917972e-003,1.881295e+000,4.641533e-003
4.393677376989400e-003,1.900072e+000,4.377555e-003
4.401350368060828e-003,1.920122e+000,4.105033e-003
4.409023359132257e-003,1.941443e+000,3.823966e-003
4.416696350203686e-003,1.964037e+000,3.534356e-003
4.424369341275114e-003,1.987904e+000,3.236201e-003
4.432042332346542e-003,2.013042e+000,2.929503e-003
4.439715323417971e-003,2.039453e+000,2.614260e-003
4.448085859132256e-003,2.069566e+000,2.262850e-003
4.456456394846542e-003,2.100651e+000,1.907665e-003
4.464826930560827e-003,2.132707e+000,1.548704e-003
4.473197466275113e-003,2.165735e+000,1.185967e-003
4.481568001989398e-003,2.199734e+000,8.194544e-004
4.489938537703684e-003,2.234705e+000,4.491660e-004
4.498309073417969e-003,2.270648e+000,7.510185e-005
4.503889430560826e-003,2.294891e+000,-1.734325e-004
4.509469787703684e-003,2.319313e+000,-4.210132e-004
4.515050144846541e-003,2.343913e+000,-6.676401e-004
4.520630501989397e-003,2.368692e+000,-9.133135e-004
4.526210859132254e-003,2.393648e+000,-1.158033e-003
4.531791216275112e-003,2.418783e+000,-1.401799e-003
4.537371573417969e-003,2.444096e+000,-1.644611e-003
4.543649475203683e-003,2.472681e+000,-1.915586e-003
4.549927376989397e-003,2.501200e+000,-2.182532e-003
4.556205278775111e-003,2.529653e+000,-2.445450e-003
4.562483180560825e-003,2.558040e+000,-2.704338e-003
4.568761082346540e-003,2.586361e+000,-2.959198e-003
4.575038984132253e-003,2.614617e+000,-3.210029e-003
4.581316885917968e-003,2.642807e+000,-3.456831e-003
4.592477600203682e-003,2.692724e+000,-3.884895e-003
4.603638314489396e-003,2.741128e+000,-4.289252e-003
4.614799028775110e-003,2.788020e+000,-4.669905e-003
4.625959743060824e-003,2.833398e+000,-5.026851e-003
4.637120457346538e-003,2.877264e+000,-5.360092e-003
4.648281171632252e-003,2.919617e+000,-5.669628e-003
4.659441885917966e-003,2.960457e+000,-5.955458e-003
4.667812421632251e-003,2.989375e+000,-6.148562e-003
4.676182957346537e-003,3.016768e+000,-6.323586e-003
4.684553493060822e-003,3.042635e+000,-6.480528e-003
4.692924028775108e-003,3.066975e+000,-6.619390e-003
4.701294564489394e-003,3.089789e+000,-6.740171e-003
4.709665100203680e-003,3.111077e+000,-6.842871e-003
4.718035635917965e-003,3.130839e+000,-6.927490e-003
4.723615993060822e-003,3.142971e+000,-6.972717e-003
4.729196350203679e-003,3.154283e+000,-7.009282e-003
4.734776707346536e-003,3.164774e+000,-7.037187e-003
4.740357064489393e-003,3.174446e+000,-7.056431e-003
4.745937421632250e-003,3.183297e+000,-7.067014e-003
4.751517778775107e-003,3.191327e+000,-7.068936e-003
4.757098135917964e-003,3.198537e+000,-7.062197e-003
4.762678493060821e-003,3.204875e+000,-7.046884e-003
4.768258850203678e-003,3.210334e+000,-7.022950e-003
4.773839207346535e-003,3.214915e+000,-6.990394e-003
4.779419564489392e-003,3.218617e+000,-6.949216e-003
4.784999921632249e-003,3.221442e+000,-6.899415e-003
4.790580278775106e-003,3.223388e+000,-6.840993e-003
4.796160635917963e-003,3.224456e+000,-6.773949e-003
4.801043448417963e-003,3.224648e+000,-6.708821e-003
4.805926260917963e-003,3.224164e+000,-6.637486e-003
4.810809073417963e-003,3.223001e+000,-6.559941e-003
4.815691885917963e-003,3.221161e+000,-6.476188e-003
4.820574698417963e-003,3.218644e+000,-6.386227e-003
4.825457510917963e-003,3.215449e+000,-6.290056e-003
4.830340323417962e-003,3.211576e+000,-6.187677e-003
4.833828046632248e-003,3.208399e+000,-6.111306e-003
4.837315769846534e-003,3.204887e+000,-6.032053e-003
4.840803493060819e-003,3.201041e+000,-5.949921e-003
4.844291216275105e-003,3.196860e+000,-5.864907e-003
4.847778939489390e-003,3.192344e+000,-5.777014e-003
4.851266662703677e-003,3.187493e+000,-5.686239e-003
4.854754385917962e-003,3.182307e+000,-5.592585e-003
4.859637198417962e-003,3.174506e+000,-5.457163e-003
4.865915100203676e-003,3.163494e+000,-5.274996e-003
4.872193001989390e-003,3.151503e+000,-5.085376e-003
4.878470903775104e-003,3.138533e+000,-4.888301e-003
4.884748805560818e-003,3.124584e+000,-4.683772e-003
4.891026707346533e-003,3.109656e+000,-4.471789e-003
4.897304609132246e-003,3.093750e+000,-4.252351e-003
4.903582510917961e-003,3.076865e+000,-4.025459e-003
4.913348135917961e-003,3.048608e+000,-3.657866e-003
4.923113760917960e-003,3.018593e+000,-3.280153e-003
4.932879385917960e-003,2.986822e+000,-2.892319e-003
4.942645010917960e-003,2.953293e+000,-2.494364e-003
4.952410635917960e-003,2.918006e+000,-2.086289e-003
4.962176260917960e-003,2.880963e+000,-1.668093e-003
4.971941885917959e-003,2.842162e+000,-1.239777e-003
4.991473135917959e-003,2.761511e+000,-3.786087e-004
4.996355948417959e-003,2.740703e+000,-1.618862e-004
5.000000000000000e-003,2.725053e+000,0.000000e+000
