Freq.	V(vim)/I(V1)
1.00000000000000e+00	1.00000010777146e+04,8.41019903321777e-04
1.02329299228075e+00	1.00000010777146e+04,8.60609773437812e-04
1.04712854805090e+00	1.00000010777146e+04,8.80655950247240e-04
1.07151930523761e+00	1.00000010777146e+04,9.01169062498350e-04
1.09647819614318e+00	1.00000010777146e+04,9.22159986514778e-04
1.12201845430196e+00	1.00000010777146e+04,9.43639851962288e-04
1.14815362149688e+00	1.00000010777146e+04,9.65620047749857e-04
1.17489755493953e+00	1.00000010777146e+04,9.88112228068235e-04
1.20226443461741e+00	1.00000010777146e+04,1.01112831856915e-03
1.23026877081238e+00	1.00000010777146e+04,1.03468052268843e-03
1.25892541179417e+00	1.00000010777147e+04,1.05878132811646e-03
1.28824955169313e+00	1.00000010777147e+04,1.08344351341928e-03
1.31825673855641e+00	1.00000010777147e+04,1.10868015481399e-03
1.34896288259165e+00	1.00000010777147e+04,1.13450463310190e-03
1.38038426460288e+00	1.00000010777147e+04,1.16093064076322e-03
1.41253754462275e+00	1.00000010777147e+04,1.18797218921701e-03
1.44543977074593e+00	1.00000010777147e+04,1.21564361625019e-03
1.47910838816821e+00	1.00000010777147e+04,1.24395959361966e-03
1.51356124843621e+00	1.00000010777147e+04,1.27293513483141e-03
1.54881661891248e+00	1.00000010777147e+04,1.30258560310094e-03
1.58489319246111e+00	1.00000010777147e+04,1.33292671949899e-03
1.62181009735893e+00	1.00000010777147e+04,1.36397457128709e-03
1.65958690743756e+00	1.00000010777147e+04,1.39574562044723e-03
1.69824365246174e+00	1.00000010777147e+04,1.42825671241020e-03
1.73780082874937e+00	1.00000010777147e+04,1.46152508498731e-03
1.77827941003892e+00	1.00000010777147e+04,1.49556837751005e-03
1.81970085860998e+00	1.00000010777147e+04,1.53040464018273e-03
1.86208713666287e+00	1.00000010777147e+04,1.56605234365294e-03
1.90546071796325e+00	1.00000010777147e+04,1.60253038880490e-03
1.94984459975804e+00	1.00000010777147e+04,1.63985811678101e-03
1.99526231496888e+00	1.00000010777147e+04,1.67805531923672e-03
2.04173794466953e+00	1.00000010777148e+04,1.71714224883438e-03
2.08929613085404e+00	1.00000010777148e+04,1.75713962998144e-03
2.13796208950223e+00	1.00000010777148e+04,1.79806866981880e-03
2.18776162394955e+00	1.00000010777148e+04,1.83995106946516e-03
2.23872113856834e+00	1.00000010777148e+04,1.88280903552317e-03
2.29086765276777e+00	1.00000010777148e+04,1.92666529185375e-03
2.34422881531992e+00	1.00000010777148e+04,1.97154309162450e-03
2.39883291901949e+00	1.00000010777148e+04,2.01746622963888e-03
2.45470891568503e+00	1.00000010777148e+04,2.06445905495255e-03
2.51188643150958e+00	1.00000010777148e+04,2.11254648378349e-03
2.57039578276886e+00	1.00000010777148e+04,2.16175401272299e-03
2.63026799189538e+00	1.00000010777149e+04,2.21210773225424e-03
2.69153480392691e+00	1.00000010777149e+04,2.26363434058584e-03
2.75422870333816e+00	1.00000010777149e+04,2.31636115780755e-03
2.81838293126445e+00	1.00000010777149e+04,2.37031614037580e-03
2.88403150312660e+00	1.00000010777149e+04,2.42552789593653e-03
2.95120922666638e+00	1.00000010777149e+04,2.48202569849333e-03
3.01995172040201e+00	1.00000010777149e+04,2.53983950392897e-03
3.09029543251359e+00	1.00000010777150e+04,2.59899996588835e-03
3.16227766016837e+00	1.00000010777150e+04,2.65953845203147e-03
3.23593656929628e+00	1.00000010777150e+04,2.72148706066501e-03
3.31131121482591e+00	1.00000010777150e+04,2.78487863776125e-03
3.38844156139202e+00	1.00000010777150e+04,2.84974679437346e-03
3.46736850452531e+00	1.00000010777151e+04,2.91612592445691e-03
3.54813389233575e+00	1.00000010777151e+04,2.98405122310500e-03
3.63078054770101e+00	1.00000010777151e+04,3.05355870521016e-03
3.71535229097172e+00	1.00000010777151e+04,3.12468522455945e-03
3.80189396320560e+00	1.00000010777152e+04,3.19746849337491e-03
3.89045144994280e+00	1.00000010777152e+04,3.27194710230905e-03
3.98107170553496e+00	1.00000010777152e+04,3.34816054090617e-03
4.07380277804112e+00	1.00000010777152e+04,3.42614921854023e-03
4.16869383470335e+00	1.00000010777153e+04,3.50595448584040e-03
4.26579518801592e+00	1.00000010777153e+04,3.58761865661576e-03
4.36515832240165e+00	1.00000010777153e+04,3.67118503029061e-03
4.46683592150962e+00	1.00000010777154e+04,3.75669791486240e-03
4.57088189614874e+00	1.00000010777154e+04,3.84420265039442e-03
4.67735141287197e+00	1.00000010777154e+04,3.93374563305572e-03
4.78630092322637e+00	1.00000010777155e+04,4.02537433972094e-03
4.89778819368445e+00	1.00000010777155e+04,4.11913735314322e-03
5.01187233627271e+00	1.00000010777156e+04,4.21508438771336e-03
5.12861383991364e+00	1.00000010777156e+04,4.31326631581910e-03
5.24807460249771e+00	1.00000010777157e+04,4.41373519481832e-03
5.37031796370252e+00	1.00000010777157e+04,4.51654429464053e-03
5.49540873857623e+00	1.00000010777158e+04,4.62174812603129e-03
5.62341325190348e+00	1.00000010777158e+04,4.72940246945454e-03
5.75439937337156e+00	1.00000010777159e+04,4.83956440466813e-03
5.88843655355588e+00	1.00000010777159e+04,4.95229234098830e-03
6.02559586074356e+00	1.00000010777160e+04,5.06764604825899e-03
6.16595001861481e+00	1.00000010777161e+04,5.18568668854270e-03
6.30957344480192e+00	1.00000010777161e+04,5.30647684854935e-03
6.45654229034654e+00	1.00000010777162e+04,5.43008057282063e-03
6.60693448007594e+00	1.00000010777163e+04,5.55656339768723e-03
6.76082975391980e+00	1.00000010777164e+04,5.68599238601710e-03
6.91830970918935e+00	1.00000010777165e+04,5.81843616277305e-03
7.07945784384136e+00	1.00000010777165e+04,5.95396495139861e-03
7.24435960074988e+00	1.00000010777166e+04,6.09265061105144e-03
7.41310241300916e+00	1.00000010777167e+04,6.23456667470402e-03
7.58577575029182e+00	1.00000010777168e+04,6.37978838813178e-03
7.76247116628690e+00	1.00000010777169e+04,6.52839274980942e-03
7.94328234724279e+00	1.00000010777171e+04,6.68045855173649e-03
8.12830516164097e+00	1.00000010777172e+04,6.83606642121403e-03
8.31763771102669e+00	1.00000010777173e+04,6.99529886359413e-03
8.51138038202374e+00	1.00000010777174e+04,7.15824030602544e-03
8.70963589956078e+00	1.00000010777176e+04,7.32497714221752e-03
8.91250938133743e+00	1.00000010777177e+04,7.49559777824794e-03
9.12010839355907e+00	1.00000010777178e+04,7.67019267943636e-03
9.33254300796988e+00	1.00000010777180e+04,7.84885441831043e-03
9.54992586021433e+00	1.00000010777182e+04,8.03167772368896e-03
9.77237220955808e+00	1.00000010777183e+04,8.21875953090841e-03
9.99999999999997e+00	1.00000010777185e+04,8.41019903321931e-03
1.02329299228075e+01	1.00000010777187e+04,8.60609773437977e-03
1.04712854805090e+01	1.00000010777189e+04,8.80655950247418e-03
1.07151930523760e+01	1.00000010777191e+04,9.01169062498539e-03
1.09647819614318e+01	1.00000010777193e+04,9.22159986514982e-03
1.12201845430196e+01	1.00000010777195e+04,9.43639851962505e-03
1.14815362149688e+01	1.00000010777197e+04,9.65620047750091e-03
1.17489755493953e+01	1.00000010777200e+04,9.88112228068487e-03
1.20226443461741e+01	1.00000010777202e+04,1.01112831856942e-02
1.23026877081238e+01	1.00000010777205e+04,1.03468052268872e-02
1.25892541179416e+01	1.00000010777208e+04,1.05878132811677e-02
1.28824955169313e+01	1.00000010777211e+04,1.08344351341962e-02
1.31825673855640e+01	1.00000010777214e+04,1.10868015481435e-02
1.34896288259165e+01	1.00000010777217e+04,1.13450463310228e-02
1.38038426460288e+01	1.00000010777220e+04,1.16093064076363e-02
1.41253754462275e+01	1.00000010777224e+04,1.18797218921745e-02
1.44543977074592e+01	1.00000010777228e+04,1.21564361625066e-02
1.47910838816820e+01	1.00000010777231e+04,1.24395959362016e-02
1.51356124843620e+01	1.00000010777235e+04,1.27293513483195e-02
1.54881661891248e+01	1.00000010777240e+04,1.30258560310152e-02
1.58489319246111e+01	1.00000010777244e+04,1.33292671949961e-02
1.62181009735892e+01	1.00000010777249e+04,1.36397457128776e-02
1.65958690743755e+01	1.00000010777254e+04,1.39574562044794e-02
1.69824365246174e+01	1.00000010777259e+04,1.42825671241096e-02
1.73780082874937e+01	1.00000010777264e+04,1.46152508498813e-02
1.77827941003892e+01	1.00000010777270e+04,1.49556837751092e-02
1.81970085860998e+01	1.00000010777275e+04,1.53040464018367e-02
1.86208713666286e+01	1.00000010777282e+04,1.56605234365394e-02
1.90546071796324e+01	1.00000010777288e+04,1.60253038880598e-02
1.94984459975804e+01	1.00000010777295e+04,1.63985811678216e-02
1.99526231496887e+01	1.00000010777302e+04,1.67805531923796e-02
2.04173794466952e+01	1.00000010777309e+04,1.71714224883571e-02
2.08929613085403e+01	1.00000010777317e+04,1.75713962998286e-02
2.13796208950222e+01	1.00000010777325e+04,1.79806866982033e-02
2.18776162394954e+01	1.00000010777333e+04,1.83995106946679e-02
2.23872113856833e+01	1.00000010777342e+04,1.88280903552493e-02
2.29086765276776e+01	1.00000010777351e+04,1.92666529185563e-02
2.34422881531991e+01	1.00000010777361e+04,1.97154309162651e-02
2.39883291901948e+01	1.00000010777371e+04,2.01746622964104e-02
2.45470891568502e+01	1.00000010777382e+04,2.06445905495486e-02
2.51188643150957e+01	1.00000010777393e+04,2.11254648378596e-02
2.57039578276885e+01	1.00000010777404e+04,2.16175401272564e-02
2.63026799189537e+01	1.00000010777417e+04,2.21210773225708e-02
2.69153480392690e+01	1.00000010777429e+04,2.26363434058888e-02
2.75422870333815e+01	1.00000010777443e+04,2.31636115781082e-02
2.81838293126444e+01	1.00000010777457e+04,2.37031614037930e-02
2.88403150312659e+01	1.00000010777471e+04,2.42552789594027e-02
2.95120922666637e+01	1.00000010777487e+04,2.48202569849735e-02
3.01995172040200e+01	1.00000010777503e+04,2.53983950393328e-02
3.09029543251358e+01	1.00000010777519e+04,2.59899996589296e-02
3.16227766016837e+01	1.00000010777537e+04,2.65953845203641e-02
3.23593656929627e+01	1.00000010777556e+04,2.72148706067030e-02
3.31131121482590e+01	1.00000010777575e+04,2.78487863776693e-02
3.38844156139201e+01	1.00000010777595e+04,2.84974679437955e-02
3.46736850452530e+01	1.00000010777616e+04,2.91612592446343e-02
3.54813389233574e+01	1.00000010777638e+04,2.98405122311198e-02
3.63078054770100e+01	1.00000010777662e+04,3.05355870521764e-02
3.71535229097171e+01	1.00000010777686e+04,3.12468522456747e-02
3.80189396320559e+01	1.00000010777711e+04,3.19746849338350e-02
3.89045144994279e+01	1.00000010777738e+04,3.27194710231826e-02
3.98107170553495e+01	1.00000010777766e+04,3.34816054091604e-02
4.07380277804111e+01	1.00000010777795e+04,3.42614921855080e-02
4.16869383470333e+01	1.00000010777826e+04,3.50595448585173e-02
4.26579518801591e+01	1.00000010777858e+04,3.58761865662791e-02
4.36515832240164e+01	1.00000010777891e+04,3.67118503030362e-02
4.46683592150961e+01	1.00000010777926e+04,3.75669791487634e-02
4.57088189614873e+01	1.00000010777963e+04,3.84420265040936e-02
4.67735141287196e+01	1.00000010778002e+04,3.93374563307173e-02
4.78630092322636e+01	1.00000010778042e+04,4.02537433973810e-02
4.89778819368444e+01	1.00000010778084e+04,4.11913735316160e-02
5.01187233627270e+01	1.00000010778129e+04,4.21508438773305e-02
5.12861383991362e+01	1.00000010778175e+04,4.31326631584020e-02
5.24807460249770e+01	1.00000010778223e+04,4.41373519484094e-02
5.37031796370250e+01	1.00000010778274e+04,4.51654429466476e-02
5.49540873857622e+01	1.00000010778327e+04,4.62174812605725e-02
5.62341325190346e+01	1.00000010778383e+04,4.72940246948236e-02
5.75439937337154e+01	1.00000010778441e+04,4.83956440469795e-02
5.88843655355586e+01	1.00000010778502e+04,4.95229234102024e-02
6.02559586074355e+01	1.00000010778566e+04,5.06764604829322e-02
6.16595001861479e+01	1.00000010778633e+04,5.18568668857938e-02
6.30957344480190e+01	1.00000010778703e+04,5.30647684858866e-02
6.45654229034652e+01	1.00000010778777e+04,5.43008057286275e-02
6.60693448007593e+01	1.00000010778854e+04,5.55656339773236e-02
6.76082975391978e+01	1.00000010778934e+04,5.68599238606546e-02
6.91830970918933e+01	1.00000010779018e+04,5.81843616282487e-02
7.07945784384134e+01	1.00000010779106e+04,5.95396495145413e-02
7.24435960074986e+01	1.00000010779199e+04,6.09265061111094e-02
7.41310241300914e+01	1.00000010779296e+04,6.23456667476778e-02
7.58577575029180e+01	1.00000010779397e+04,6.37978838820010e-02
7.76247116628688e+01	1.00000010779503e+04,6.52839274988262e-02
7.94328234724277e+01	1.00000010779614e+04,6.68045855181493e-02
8.12830516164095e+01	1.00000010779730e+04,6.83606642129808e-02
8.31763771102667e+01	1.00000010779852e+04,6.99529886368419e-02
8.51138038202372e+01	1.00000010779980e+04,7.15824030612195e-02
8.70963589956076e+01	1.00000010780113e+04,7.32497714232093e-02
8.91250938133741e+01	1.00000010780253e+04,7.49559777835875e-02
9.12010839355905e+01	1.00000010780400e+04,7.67019267955509e-02
9.33254300796986e+01	1.00000010780553e+04,7.84885441843765e-02
9.54992586021431e+01	1.00000010780714e+04,8.03167772382528e-02
9.77237220955805e+01	1.00000010780882e+04,8.21875953105449e-02
9.99999999999995e+01	1.00000010781058e+04,8.41019903337583e-02
1.02329299228075e+02	1.00000010781242e+04,8.60609773454748e-02
1.04712854805089e+02	1.00000010781435e+04,8.80655950265388e-02
1.07151930523760e+02	1.00000010781637e+04,9.01169062517796e-02
1.09647819614318e+02	1.00000010781849e+04,9.22159986535615e-02
1.12201845430196e+02	1.00000010782071e+04,9.43639851984615e-02
1.14815362149688e+02	1.00000010782303e+04,9.65620047773782e-02
1.17489755493952e+02	1.00000010782546e+04,9.88112228093872e-02
1.20226443461741e+02	1.00000010782800e+04,1.01112831859662e-01
1.23026877081237e+02	1.00000010783067e+04,1.03468052271787e-01
1.25892541179416e+02	1.00000010783346e+04,1.05878132814800e-01
1.28824955169313e+02	1.00000010783638e+04,1.08344351345308e-01
1.31825673855640e+02	1.00000010783944e+04,1.10868015485021e-01
1.34896288259165e+02	1.00000010784264e+04,1.13450463314070e-01
1.38038426460288e+02	1.00000010784600e+04,1.16093064080480e-01
1.41253754462275e+02	1.00000010784951e+04,1.18797218926156e-01
1.44543977074592e+02	1.00000010785319e+04,1.21564361629793e-01
1.47910838816820e+02	1.00000010785704e+04,1.24395959367081e-01
1.51356124843620e+02	1.00000010786108e+04,1.27293513488622e-01
1.54881661891247e+02	1.00000010786530e+04,1.30258560315967e-01
1.58489319246110e+02	1.00000010786972e+04,1.33292671956193e-01
1.62181009735892e+02	1.00000010787435e+04,1.36397457135453e-01
1.65958690743755e+02	1.00000010787920e+04,1.39574562051949e-01
1.69824365246173e+02	1.00000010788428e+04,1.42825671248763e-01
1.73780082874936e+02	1.00000010788960e+04,1.46152508507027e-01
1.77827941003891e+02	1.00000010789517e+04,1.49556837759895e-01
1.81970085860997e+02	1.00000010790099e+04,1.53040464027799e-01
1.86208713666286e+02	1.00000010790710e+04,1.56605234375501e-01
1.90546071796323e+02	1.00000010791349e+04,1.60253038891427e-01
1.94984459975803e+02	1.00000010792019e+04,1.63985811689820e-01
1.99526231496887e+02	1.00000010792720e+04,1.67805531936230e-01
2.04173794466952e+02	1.00000010793454e+04,1.71714224896894e-01
2.08929613085403e+02	1.00000010794222e+04,1.75713963012562e-01
2.13796208950222e+02	1.00000010795027e+04,1.79806866997330e-01
2.18776162394954e+02	1.00000010795870e+04,1.83995106963071e-01
2.23872113856832e+02	1.00000010796752e+04,1.88280903570056e-01
2.29086765276776e+02	1.00000010797676e+04,1.92666529204383e-01
2.34422881531991e+02	1.00000010798644e+04,1.97154309182817e-01
2.39883291901947e+02	1.00000010799657e+04,2.01746622985712e-01
2.45470891568501e+02	1.00000010800718e+04,2.06445905518639e-01
2.51188643150956e+02	1.00000010801829e+04,2.11254648403406e-01
2.57039578276885e+02	1.00000010802992e+04,2.16175401299148e-01
2.63026799189536e+02	1.00000010804210e+04,2.21210773254193e-01
2.69153480392690e+02	1.00000010805485e+04,2.26363434089411e-01
2.75422870333815e+02	1.00000010806821e+04,2.31636115813787e-01
2.81838293126443e+02	1.00000010808220e+04,2.37031614072975e-01
2.88403150312659e+02	1.00000010809684e+04,2.42552789631578e-01
2.95120922666637e+02	1.00000010811217e+04,2.48202569889971e-01
3.01995172040200e+02	1.00000010812823e+04,2.53983950436442e-01
3.09029543251357e+02	1.00000010814505e+04,2.59899996635493e-01
3.16227766016836e+02	1.00000010816265e+04,2.65953845253143e-01
3.23593656929626e+02	1.00000010818109e+04,2.72148706120072e-01
3.31131121482589e+02	1.00000010820039e+04,2.78487863833528e-01
3.38844156139200e+02	1.00000010822061e+04,2.84974679498855e-01
3.46736850452529e+02	1.00000010824178e+04,2.91612592511599e-01
3.54813389233573e+02	1.00000010826394e+04,2.98405122381121e-01
3.63078054770099e+02	1.00000010828715e+04,3.05355870596688e-01
3.71535229097170e+02	1.00000010831146e+04,3.12468522537030e-01
3.80189396320558e+02	1.00000010833691e+04,3.19746849424375e-01
3.89045144994278e+02	1.00000010836355e+04,3.27194710324003e-01
3.98107170553494e+02	1.00000010839146e+04,3.34816054190373e-01
4.07380277804110e+02	1.00000010842068e+04,3.42614921960914e-01
4.16869383470332e+02	1.00000010845127e+04,3.50595448698576e-01
4.26579518801589e+02	1.00000010848331e+04,3.58761865784304e-01
4.36515832240163e+02	1.00000010851686e+04,3.67118503160566e-01
4.46683592150960e+02	1.00000010855199e+04,3.75669791627150e-01
4.57088189614872e+02	1.00000010858878e+04,3.84420265190430e-01
4.67735141287195e+02	1.00000010862730e+04,3.93374563467358e-01
4.78630092322635e+02	1.00000010866763e+04,4.02537434145452e-01
4.89778819368442e+02	1.00000010870987e+04,4.11913735500077e-01
5.01187233627268e+02	1.00000010875409e+04,4.21508438970377e-01
5.12861383991361e+02	1.00000010880040e+04,4.31326631795186e-01
5.24807460249769e+02	1.00000010884889e+04,4.41373519710362e-01
5.37031796370249e+02	1.00000010889967e+04,4.51654429708927e-01
5.49540873857620e+02	1.00000010895284e+04,4.62174812865516e-01
5.62341325190345e+02	1.00000010900852e+04,4.72940247226607e-01
5.75439937337152e+02	1.00000010906682e+04,4.83956440768075e-01
5.88843655355584e+02	1.00000010912787e+04,4.95229234421637e-01
6.02559586074353e+02	1.00000010919180e+04,5.06764605171793e-01
6.16595001861477e+02	1.00000010925873e+04,5.18568669224903e-01
6.30957344480188e+02	1.00000010932883e+04,5.30647685252075e-01
6.45654229034650e+02	1.00000010940222e+04,5.43008057707607e-01
6.60693448007591e+02	1.00000010947908e+04,5.55656340224702e-01
6.76082975391976e+02	1.00000010955956e+04,5.68599239090301e-01
6.91830970918931e+02	1.00000010964383e+04,5.81843616800839e-01
7.07945784384132e+02	1.00000010973207e+04,5.95396495700837e-01
7.24435960074984e+02	1.00000010982447e+04,6.09265061706242e-01
7.41310241300911e+02	1.00000010992123e+04,6.23456668114490e-01
7.58577575029177e+02	1.00000011002254e+04,6.37978839503331e-01
7.76247116628685e+02	1.00000011012863e+04,6.52839275720454e-01
7.94328234724275e+02	1.00000011023972e+04,6.68045855966051e-01
8.12830516164092e+02	1.00000011035605e+04,6.83606642970477e-01
8.31763771102664e+02	1.00000011047786e+04,6.99529887269212e-01
8.51138038202369e+02	1.00000011060540e+04,7.15824031577411e-01
8.70963589956073e+02	1.00000011073896e+04,7.32497715266342e-01
8.91250938133738e+02	1.00000011087882e+04,7.49559778944092e-01
9.12010839355902e+02	1.00000011102526e+04,7.67019269142986e-01
9.33254300796983e+02	1.00000011117861e+04,7.84885443116170e-01
9.54992586021428e+02	1.00000011133918e+04,8.03167773745934e-01
9.77237220955802e+02	1.00000011150733e+04,8.21875954566365e-01
9.99999999999991e+02	1.00000011168339e+04,8.41019904902983e-01
1.02329299228075e+03	1.00000011186776e+04,8.60609775132105e-01
1.04712854805089e+03	1.00000011206081e+04,8.80655952062708e-01
1.07151930523760e+03	1.00000011226296e+04,9.01169064443659e-01
1.09647819614318e+03	1.00000011247464e+04,9.22159988599214e-01
1.12201845430195e+03	1.00000011269629e+04,9.43639854195801e-01
1.14815362149687e+03	1.00000011292839e+04,9.65620050143110e-01
1.17489755493952e+03	1.00000011317143e+04,9.88112230632653e-01
1.20226443461740e+03	1.00000011342592e+04,1.01112832131697e+00
1.23026877081237e+03	1.00000011369241e+04,1.03468052563278e+00
1.25892541179416e+03	1.00000011397146e+04,1.05878133127138e+00
1.28824955169312e+03	1.00000011426365e+04,1.08344351679984e+00
1.31825673855640e+03	1.00000011456962e+04,1.10868015843633e+00
1.34896288259164e+03	1.00000011489001e+04,1.13450463698330e+00
1.38038426460287e+03	1.00000011522549e+04,1.16093064492222e+00
1.41253754462274e+03	1.00000011557679e+04,1.18797219367346e+00
1.44543977074591e+03	1.00000011594465e+04,1.21564362102536e+00
1.47910838816819e+03	1.00000011632984e+04,1.24395959873634e+00
1.51356124843619e+03	1.00000011673318e+04,1.27293514031404e+00
1.54881661891247e+03	1.00000011715553e+04,1.30258560897568e+00
1.58489319246110e+03	1.00000011759779e+04,1.33292672579389e+00
1.62181009735891e+03	1.00000011806089e+04,1.36397457803220e+00
1.65958690743754e+03	1.00000011854582e+04,1.39574562767474e+00
1.69824365246173e+03	1.00000011905360e+04,1.42825672015462e+00
1.73780082874936e+03	1.00000011958531e+04,1.46152509328560e+00
1.77827941003891e+03	1.00000012014208e+04,1.49556838640183e+00
1.81970085860997e+03	1.00000012072509e+04,1.53040464971044e+00
1.86208713666285e+03	1.00000012133558e+04,1.56605235386207e+00
1.90546071796323e+03	1.00000012197483e+04,1.60253039974418e+00
1.94984459975803e+03	1.00000012264422e+04,1.63985812850266e+00
1.99526231496886e+03	1.00000012334515e+04,1.67805533179669e+00
2.04173794466951e+03	1.00000012407911e+04,1.71714226229263e+00
2.08929613085402e+03	1.00000012484767e+04,1.75713964440221e+00
2.13796208950221e+03	1.00000012565245e+04,1.79806868527093e+00
2.18776162394953e+03	1.00000012649515e+04,1.83995108602241e+00
2.23872113856832e+03	1.00000012737757e+04,1.88280905326459e+00
2.29086765276775e+03	1.00000012830158e+04,1.92666531086402e+00
2.34422881531990e+03	1.00000012926914e+04,1.97154311199436e+00
2.39883291901947e+03	1.00000013028229e+04,2.01746625146558e+00
2.45470891568501e+03	1.00000013134319e+04,2.06445907834027e+00
2.51188643150955e+03	1.00000013245410e+04,2.11254650884388e+00
2.57039578276884e+03	1.00000013361735e+04,2.16175403957568e+00
2.63026799189535e+03	1.00000013483543e+04,2.21210776102741e+00
2.69153480392689e+03	1.00000013611092e+04,2.26363437141683e+00
2.75422870333814e+03	1.00000013744652e+04,2.31636119084355e+00
2.81838293126442e+03	1.00000013884506e+04,2.37031617577450e+00
2.88403150312658e+03	1.00000014030951e+04,2.42552793386690e+00
2.95120922666635e+03	1.00000014184299e+04,2.48202573913645e+00
3.01995172040198e+03	1.00000014344873e+04,2.53983954747884e+00
3.09029543251356e+03	1.00000014513015e+04,2.59900001255285e+00
3.16227766016835e+03	1.00000014689081e+04,2.65953850203337e+00
3.23593656929625e+03	1.00000014873445e+04,2.72148711424298e+00
3.31131121482588e+03	1.00000015066498e+04,2.78487869517106e+00
3.38844156139199e+03	1.00000015268649e+04,2.84974685588916e+00
3.46736850452528e+03	1.00000015480327e+04,2.91612599037213e+00
3.54813389233572e+03	1.00000015701981e+04,2.98405129373439e+00
3.63078054770097e+03	1.00000015934081e+04,3.05355878089088e+00
3.71535229097168e+03	1.00000016177120e+04,3.12468530565276e+00
3.80189396320557e+03	1.00000016431614e+04,3.19746858026790e+00
3.89045144994276e+03	1.00000016698101e+04,3.27194719541651e+00
3.98107170553493e+03	1.00000016977147e+04,3.34816064067255e+00
4.07380277804108e+03	1.00000017269344e+04,3.42614932544175e+00
4.16869383470331e+03	1.00000017575312e+04,3.50595460038737e+00
4.26579518801588e+03	1.00000017895700e+04,3.58761877935496e+00
4.36515832240161e+03	1.00000018231187e+04,3.67118516180792e+00
4.46683592150958e+03	1.00000018582486e+04,3.75669805578562e+00
4.57088189614870e+03	1.00000018950341e+04,3.84420280139624e+00
4.67735141287193e+03	1.00000019335532e+04,3.93374579485694e+00
4.78630092322633e+03	1.00000019738876e+04,4.02537451309391e+00
4.89778819368441e+03	1.00000020161230e+04,4.11913753891551e+00
5.01187233627267e+03	1.00000020603489e+04,4.21508458677175e+00
5.12861383991359e+03	1.00000021066591e+04,4.31326652911378e+00
5.24807460249767e+03	1.00000021551518e+04,4.41373542336742e+00
5.37031796370247e+03	1.00000022059299e+04,4.51654453953500e+00
5.49540873857618e+03	1.00000022591011e+04,4.62174838844012e+00
5.62341325190343e+03	1.00000023147782e+04,4.72940275063029e+00
5.75439937337150e+03	1.00000023730793e+04,4.83956470595297e+00
5.88843655355582e+03	1.00000024341281e+04,4.95229266382034e+00
6.02559586074351e+03	1.00000024980540e+04,5.06764639417923e+00
6.16595001861475e+03	1.00000025649926e+04,5.18568705920232e+00
6.30957344480186e+03	1.00000026350860e+04,5.30647724571763e+00
6.45654229034648e+03	1.00000027084828e+04,5.43008099839336e+00
6.60693448007588e+03	1.00000027853387e+04,5.55656385369580e+00
6.76082975391974e+03	1.00000028658167e+04,5.68599287463815e+00
6.91830970918928e+03	1.00000029500875e+04,5.81843668633889e+00
7.07945784384129e+03	1.00000030383299e+04,5.95396551240833e+00
7.24435960074981e+03	1.00000031307311e+04,6.09265121218286e+00
7.41310241300908e+03	1.00000032274870e+04,6.23456731882646e+00
7.58577575029174e+03	1.00000033288029e+04,6.37978907831975e+00
7.76247116628682e+03	1.00000034348937e+04,6.52839348935727e+00
7.94328234724272e+03	1.00000035459844e+04,6.68045934417419e+00
8.12830516164089e+03	1.00000036623107e+04,6.83606727032397e+00
8.31763771102661e+03	1.00000037841193e+04,6.99529977342918e+00
8.51138038202366e+03	1.00000039116687e+04,7.15824128092829e+00
8.70963589956070e+03	1.00000040452292e+04,7.32497818684142e+00
8.91250938133734e+03	1.00000041850844e+04,7.49559889757888e+00
9.12010839355898e+03	1.00000043315307e+04,7.67019387881688e+00
9.33254300796979e+03	1.00000044848789e+04,7.84885570346511e+00
9.54992586021424e+03	1.00000046454543e+04,8.03167910075172e+00
9.77237220955798e+03	1.00000048135974e+04,8.21876100645182e+00
9.99999999999987e+03	1.00000049896649e+04,8.41020061428592e+00
1.02329299228074e+04	1.00000051740302e+04,8.60609942851570e+00
1.04712854805089e+04	1.00000053670845e+04,8.80656131776517e+00
1.07151930523759e+04	1.00000055692373e+04,9.01169257009535e+00
1.09647819614317e+04	1.00000057809174e+04,9.22160194936216e+00
1.12201845430195e+04	1.00000060025737e+04,9.43640075288698e+00
1.14815362149687e+04	1.00000062346765e+04,9.65620287047093e+00
1.17489755493951e+04	1.00000064777180e+04,9.88112484478355e+00
1.20226443461740e+04	1.00000067322139e+04,1.01112859331587e+01
1.23026877081237e+04	1.00000069987040e+04,1.03468081708298e+01
1.25892541179415e+04	1.00000072777536e+04,1.05878164356380e+01
1.28824955169312e+04	1.00000075699545e+04,1.08344385142484e+01
1.31825673855639e+04	1.00000078759266e+04,1.10868051699082e+01
1.34896288259164e+04	1.00000081963190e+04,1.13450502117839e+01
1.38038426460287e+04	1.00000085318113e+04,1.16093105659135e+01
1.41253754462274e+04	1.00000088831150e+04,1.18797263478114e+01
1.44543977074591e+04	1.00000092509755e+04,1.21564409367656e+01
1.47910838816819e+04	1.00000096361731e+04,1.24396010518652e+01
1.51356124843619e+04	1.00000100395248e+04,1.27293568297990e+01
1.54881661891246e+04	1.00000104618863e+04,1.30258619044671e+01
1.58489319246109e+04	1.00000109041534e+04,1.33292734884467e+01
1.62181009735891e+04	1.00000113672645e+04,1.36397524563568e+01
1.65958690743754e+04	1.00000118522018e+04,1.39574634301640e+01
1.69824365246172e+04	1.00000123599940e+04,1.42825748664763e+01
1.73780082874935e+04	1.00000128917184e+04,1.46152591458712e+01
1.77827941003890e+04	1.00000134485029e+04,1.49556926643044e+01
1.81970085860996e+04	1.00000140315285e+04,1.53040559266483e+01
1.86208713666284e+04	1.00000146420320e+04,1.56605336424102e+01
1.90546071796322e+04	1.00000152813086e+04,1.60253148236804e+01
1.94984459975802e+04	1.00000159507144e+04,1.63985928853630e+01
1.99526231496885e+04	1.00000166516693e+04,1.67805657477412e+01
2.04173794466950e+04	1.00000173856603e+04,1.71714359414337e+01
2.08929613085401e+04	1.00000181542446e+04,1.75714107147953e+01
2.13796208950220e+04	1.00000189590525e+04,1.79807021438216e+01
2.18776162394952e+04	1.00000198017914e+04,1.83995272446132e+01
2.23872113856831e+04	1.00000206842490e+04,1.88281080884615e+01
2.29086765276774e+04	1.00000216082974e+04,1.92666719196163e+01
2.34422881531989e+04	1.00000225758969e+04,1.97154512757974e+01
2.39883291901946e+04	1.00000235891001e+04,2.01746841115146e+01
2.45470891568500e+04	1.00000246500566e+04,2.06446139242618e+01
2.51188643150954e+04	1.00000257610171e+04,2.11254898836519e+01
2.57039578276883e+04	1.00000269243384e+04,2.16175669635612e+01
2.63026799189534e+04	1.00000281424886e+04,2.21211060773533e+01
2.69153480392688e+04	1.00000294180519e+04,2.26363742162552e+01
2.75422870333813e+04	1.00000307537345e+04,2.31636445909580e+01
2.81838293126441e+04	1.00000321523701e+04,2.37031967765181e+01
2.88403150312656e+04	1.00000336169259e+04,2.42553168606357e+01
2.95120922666634e+04	1.00000351505092e+04,2.48202975953899e+01
3.01995172040197e+04	1.00000367563736e+04,2.53984385525103e+01
3.09029543251354e+04	1.00000384379262e+04,2.59900462822683e+01
3.16227766016833e+04	1.00000401987345e+04,2.65954344760726e+01
3.23593656929623e+04	1.00000420425345e+04,2.72149241328540e+01
3.31131121482586e+04	1.00000439732382e+04,2.78488437293313e+01
3.38844156139197e+04	1.00000459949419e+04,2.84975293942443e+01
3.46736850452526e+04	1.00000481119351e+04,2.91613250866509e+01
3.54813389233570e+04	1.00000503287098e+04,2.98405827783808e+01
3.63078054770096e+04	1.00000526499694e+04,3.05356626407427e+01
3.71535229097167e+04	1.00000550806392e+04,3.12469332355868e+01
3.80189396320555e+04	1.00000576258770e+04,3.19747717108211e+01
3.89045144994275e+04	1.00000602910833e+04,3.27195640004881e+01
3.98107170553491e+04	1.00000630819137e+04,3.34817050295076e+01
4.07380277804107e+04	1.00000660042901e+04,3.42615989231946e+01
4.16869383470329e+04	1.00000690644141e+04,3.50596592216641e+01
4.26579518801586e+04	1.00000722687792e+04,3.58763090992368e+01
4.36515832240159e+04	1.00000756241856e+04,3.67119815889634e+01
4.46683592150956e+04	1.00000791377539e+04,3.75671198123869e+01
4.57088189614868e+04	1.00000828169406e+04,3.84421772146645e+01
4.67735141287191e+04	1.00000866695539e+04,3.93376178051763e+01
4.78630092322631e+04	1.00000907037701e+04,4.02539164037479e+01
4.89778819368439e+04	1.00000949281512e+04,4.11915588926191e+01
5.01187233627264e+04	1.00000993516632e+04,4.21510424742926e+01
5.12861383991357e+04	1.00001039836949e+04,4.31328759354008e+01
5.24807460249764e+04	1.00001088340778e+04,4.41375799167324e+01
5.37031796370244e+04	1.00001139131075e+04,4.51656871895613e+01
5.49540873857616e+04	1.00001192315649e+04,4.62177429384277e+01
5.62341325190340e+04	1.00001248007398e+04,4.72943050505212e+01
5.75439937337148e+04	1.00001306324545e+04,4.83959444118214e+01
5.88843655355580e+04	1.00001367390892e+04,4.95232452101542e+01
6.02559586074348e+04	1.00001431336080e+04,5.06768052453268e+01
6.16595001861472e+04	1.00001498295869e+04,5.18572362465063e+01
6.30957344480183e+04	1.00001568412424e+04,5.30651641970132e+01
6.45654229034645e+04	1.00001641834620e+04,5.43012296667036e+01
6.60693448007586e+04	1.00001718718358e+04,5.55660881521181e+01
6.76082975391971e+04	1.00001799226895e+04,5.68604104245804e+01
6.91830970918925e+04	1.00001883531196e+04,5.81848828864321e+01
7.07945784384127e+04	1.00001971810294e+04,5.95402079355957e+01
7.24435960074979e+04	1.00002064251676e+04,6.09271043386611e+01
7.41310241300906e+04	1.00002161051676e+04,6.23463076126967e+01
7.58577575029172e+04	1.00002262415902e+04,6.37985704159899e+01
7.76247116628679e+04	1.00002368559668e+04,6.52846629479290e+01
7.94328234724269e+04	1.00002479708455e+04,6.68053733582393e+01
8.12830516164086e+04	1.00002596098394e+04,6.83615081657972e+01
8.31763771102658e+04	1.00002717976766e+04,6.99538926872446e+01
8.51138038202363e+04	1.00002845602535e+04,7.15833714756379e+01
8.70963589956067e+04	1.00002979246896e+04,7.32508087693675e+01
8.91250938133731e+04	1.00003119193858e+04,7.49570889515891e+01
9.12010839355895e+04	1.00003265740847e+04,7.67031170204175e+01
9.33254300796976e+04	1.00003419199346e+04,7.84898190701348e+01
9.54992586021420e+04	1.00003579895557e+04,8.03181427836762e+01
9.77237220955795e+04	1.00003748171103e+04,8.21890579366569e+01
9.99999999999984e+04	1.00003924383752e+04,8.41035569132170e+01
1.02329299228074e+05	1.00004108908191e+04,8.60626552339608e+01
1.04712854805088e+05	1.00004302136821e+04,8.80673920962795e+01
1.07151930523759e+05	1.00004504480603e+04,9.01188309273491e+01
1.09647819614317e+05	1.00004716369935e+04,9.22180599501050e+01
1.12201845430195e+05	1.00004938255576e+04,9.43661927625007e+01
1.14815362149686e+05	1.00005170609612e+04,9.65643689303660e+01
1.17489755493951e+05	1.00005413926470e+04,9.88137545941863e+01
1.20226443461739e+05	1.00005668723980e+04,1.01115543090136e+02
1.23026877081236e+05	1.00005935544483e+04,1.03470955585700e+02
1.25892541179415e+05	1.00006214956001e+04,1.05881241730237e+02
1.28824955169311e+05	1.00006507553459e+04,1.08347680320832e+02
1.31825673855639e+05	1.00006813959960e+04,1.10871579983801e+02
1.34896288259163e+05	1.00007134828128e+04,1.13454279872236e+02
1.38038426460286e+05	1.00007470841517e+04,1.16097150379941e+02
1.41253754462273e+05	1.00007822716080e+04,1.18801593872180e+02
1.44543977074590e+05	1.00008191201714e+04,1.21569045433621e+02
1.47910838816818e+05	1.00008577083879e+04,1.24400973633872e+02
1.51356124843618e+05	1.00008981185295e+04,1.27298881311066e+02
1.54881661891246e+05	1.00009404367715e+04,1.30264306373873e+02
1.58489319246109e+05	1.00009847533795e+04,1.33298822622416e+02
1.62181009735890e+05	1.00010311629043e+04,1.36404040588523e+02
1.65958690743753e+05	1.00010797643867e+04,1.39581608395772e+02
1.69824365246172e+05	1.00011306615722e+04,1.42833212639802e+02
1.73780082874935e+05	1.00011839631361e+04,1.46160579289365e+02
1.77827941003889e+05	1.00012397829194e+04,1.49565474608616e+02
1.81970085860995e+05	1.00012982401758e+04,1.53049706101137e+02
1.86208713666284e+05	1.00013594598315e+04,1.56615123476203e+02
1.90546071796322e+05	1.00014235727568e+04,1.60263619637823e+02
1.94984459975801e+05	1.00014907160509e+04,1.63997131697080e+02
1.99526231496885e+05	1.00015610333415e+04,1.67817642008326e+02
2.04173794466949e+05	1.00016346750975e+04,1.71727179229777e+02
2.08929613085400e+05	1.00017117989582e+04,1.75727819409089e+02
2.13796208950220e+05	1.00017925700773e+04,1.79821687094482e+02
2.18776162394952e+05	1.00018771614850e+04,1.84010956472018e+02
2.23872113856830e+05	1.00019657544666e+04,1.88297852529622e+02
2.29086765276773e+05	1.00020585389601e+04,1.92684652248471e+02
2.34422881531988e+05	1.00021557139728e+04,1.97173685822375e+02
2.39883291901945e+05	1.00022574880188e+04,2.01767337905779e+02
2.45470891568499e+05	1.00023640795774e+04,2.06468048891049e+02
2.51188643150954e+05	1.00024757175739e+04,2.11278316215691e+02
2.57039578276882e+05	1.00025926418839e+04,2.16200695700185e+02
2.63026799189534e+05	1.00027151038627e+04,2.21237802917103e+02
2.69153480392687e+05	1.00028433668994e+04,2.26392314592217e+02
2.75422870333812e+05	1.00029777069997e+04,2.31666970038300e+02
2.81838293126440e+05	1.00031184133955e+04,2.37064572622323e+02
2.88403150312656e+05	1.00032657891857e+04,2.42587991266794e+02
2.95120922666633e+05	1.00034201520073e+04,2.48240161985956e+02
3.01995172040196e+05	1.00035818347398e+04,2.54024089457605e+02
3.09029543251354e+05	1.00037511862439e+04,2.59942848631275e+02
3.16227766016832e+05	1.00039285721363e+04,2.65999586373561e+02
3.23593656929623e+05	1.00041143756021e+04,2.72197523151361e+02
3.31131121482585e+05	1.00043089982471e+04,2.78539954753816e+02
3.38844156139197e+05	1.00045128609915e+04,2.85030254053752e+02
3.46736850452526e+05	1.00047264050071e+04,2.91671872809433e+02
3.54813389233569e+05	1.00049500927006e+04,2.98468343507434e+02
3.63078054770095e+05	1.00051844087438e+04,3.05423281247480e+02
3.71535229097166e+05	1.00054298611548e+04,3.12540385670085e+02
3.80189396320555e+05	1.00056869824311e+04,3.19823442927835e+02
3.89045144994274e+05	1.00059563307381e+04,3.27276327701204e+02
3.98107170553490e+05	1.00062384911548e+04,3.34903005259774e+02
4.07380277804106e+05	1.00065340769801e+04,3.42707533569752e+02
4.16869383470328e+05	1.00068437311020e+04,3.50694065448708e+02
4.26579518801585e+05	1.00071681274332e+04,3.58866850768465e+02
4.36515832240158e+05	1.00075079724156e+04,3.67230238707094e+02
4.46683592150955e+05	1.00078640065978e+04,3.75788680050993e+02
4.57088189614867e+05	1.00082370062878e+04,3.84546729548048e+02
4.67735141287190e+05	1.00086277852863e+04,3.93509048312914e+02
4.78630092322630e+05	1.00090371967016e+04,4.02680406285462e+02
4.89778819368438e+05	1.00094661348533e+04,4.12065684743506e+02
5.01187233627263e+05	1.00099155372664e+04,4.21669878870909e+02
5.12861383991356e+05	1.00103863867610e+04,4.31498100382267e+02
5.24807460249763e+05	1.00108797136426e+04,4.41555580205357e+02
5.37031796370243e+05	1.00113965979967e+04,4.51847671222609e+02
5.49540873857615e+05	1.00119381720940e+04,4.62379851072911e+02
5.62341325190339e+05	1.00125056229107e+04,4.73157725015083e+02
5.75439937337147e+05	1.00131001947693e+04,4.84187028854428e+02
5.88843655355579e+05	1.00137231921070e+04,4.95473631933818e+02
6.02559586074347e+05	1.00143759823761e+04,5.07023540190807e+02
6.16595001861471e+05	1.00150599990854e+04,5.18842899282347e+02
6.30957344480182e+05	1.00157767449872e+04,5.30937997778703e+02
6.45654229034644e+05	1.00165277954189e+04,5.43315270428232e+02
6.60693448007584e+05	1.00173148018072e+04,5.55981301494729e+02
6.76082975391970e+05	1.00181394953417e+04,5.68942828169076e+02
6.91830970918924e+05	1.00190036908286e+04,5.82206744056985e+02
7.07945784384125e+05	1.00199092907333e+04,5.95780102744611e+02
7.24435960074977e+05	1.00208582894215e+04,6.09670121443861e+02
7.41310241300904e+05	1.00218527776103e+04,6.23884184719204e+02
7.58577575029170e+05	1.00228949470399e+04,6.38429848297765e+02
7.76247116628678e+05	1.00239870953797e+04,6.53314842964486e+02
7.94328234724267e+05	1.00251316313789e+04,6.68547078544022e+02
8.12830516164085e+05	1.00263310802783e+04,6.84134647971030e+02
8.31763771102656e+05	1.00275880894964e+04,7.00085831450368e+02
8.51138038202361e+05	1.00289054346054e+04,7.16409100708579e+02
8.70963589956065e+05	1.00302860256143e+04,7.33113123337913e+02
8.91250938133729e+05	1.00317329135764e+04,7.50206767233922e+02
9.12010839355893e+05	1.00332492975401e+04,7.67699105127403e+02
9.33254300796974e+05	1.00348385318625e+04,7.85599419211266e+02
9.54992586021419e+05	1.00365041339086e+04,8.03917205862487e+02
9.77237220955793e+05	1.00382497921558e+04,8.22662180459046e+02
9.99999999999982e+05	1.00400793747312e+04,8.41844282291245e+02
1.02329299228074e+06	1.00419969384038e+04,8.61473679566397e+02
1.04712854805088e+06	1.00440067380617e+04,8.81560774505301e+02
1.07151930523759e+06	1.00461132367000e+04,9.02116208528358e+02
1.09647819614316e+06	1.00483211159530e+04,9.23150867528475e+02
1.12201845430194e+06	1.00506352872001e+04,9.44675887227193e+02
1.14815362149686e+06	1.00530609032829e+04,9.66702658609597e+02
1.17489755493951e+06	1.00556033708665e+04,9.89242833432685e+02
1.20226443461739e+06	1.00582683634877e+04,1.01230832980076e+03
1.23026877081236e+06	1.00610618353280e+04,1.03591133780030e+03
1.25892541179414e+06	1.00639900357571e+04,1.06006432518548e+03
1.28824955169311e+06	1.00670595246930e+04,1.08478004310392e+03
1.31825673855638e+06	1.00702771888283e+04,1.11007153185085e+03
1.34896288259163e+06	1.00736502587746e+04,1.13595212663782e+03
1.38038426460286e+06	1.00771863271828e+04,1.16243546336028e+03
1.41253754462273e+06	1.00808933678959e+04,1.18953548434584e+03
1.44543977074590e+06	1.00847797562015e+04,1.21726644406263e+03
1.47910838816818e+06	1.00888542902469e+04,1.24564291476441e+03
1.51356124843618e+06	1.00931262136930e+04,1.27467979204547e+03
1.54881661891245e+06	1.00976052396797e+04,1.30439230027535e+03
1.58489319246108e+06	1.01023015761862e+04,1.33479599787876e+03
1.62181009735890e+06	1.01072259528708e+04,1.36590678242213e+03
1.65958690743753e+06	1.01123896494847e+04,1.39774089546261e+03
1.69824365246171e+06	1.01178045259537e+04,1.43031492711002e+03
1.73780082874934e+06	1.01234830542354e+04,1.46364582024577e+03
1.77827941003889e+06	1.01294383520594e+04,1.49775087433537e+03
1.81970085860995e+06	1.01356842186694e+04,1.53264774876353e+03
1.86208713666283e+06	1.01422351726901e+04,1.56835446561151e+03
1.90546071796321e+06	1.01491064922516e+04,1.60488941178647e+03
1.94984459975801e+06	1.01563142575106e+04,1.64227134040122e+03
1.99526231496884e+06	1.01638753957159e+04,1.68051937129041e+03
2.04173794466949e+06	1.01718077289730e+04,1.71965299053459e+03
2.08929613085400e+06	1.01801300248751e+04,1.75969204884857e+03
2.13796208950219e+06	1.01888620501702e+04,1.80065675867222e+03
2.18776162394951e+06	1.01980246276490e+04,1.84256768978283e+03
2.23872113856830e+06	1.02076396964425e+04,1.88544576322599e+03
2.29086765276773e+06	1.02177303759299e+04,1.92931224333780e+03
2.34422881531988e+06	1.02283210334639e+04,1.97418872760408e+03
2.39883291901944e+06	1.02394373561306e+04,2.02009713407223e+03
2.45470891568498e+06	1.02511064267648e+04,2.06705968599806e+03
2.51188643150953e+06	1.02633568044535e+04,2.11509889337265e+03
2.57039578276881e+06	1.02762186097615e+04,2.16423753093346e+03
2.63026799189533e+06	1.02897236149168e+04,2.21449861221840e+03
2.69153480392686e+06	1.03039053392005e+04,2.26590535917115e+03
2.75422870333811e+06	1.03187991497779e+04,2.31848116675084e+03
2.81838293126440e+06	1.03344423682099e+04,2.37224956193795e+03
2.88403150312655e+06	1.03508743828752e+04,2.42723415646092e+03
2.95120922666633e+06	1.03681367675185e+04,2.48345859249441e+03
3.01995172040196e+06	1.03862734061289e+04,2.54094648049903e+03
3.09029543251353e+06	1.04053306243230e+04,2.59972132828411e+03
3.16227766016832e+06	1.04253573273788e+04,2.65980646027860e+03
3.23593656929622e+06	1.04464051450251e+04,2.72122492589055e+03
3.31131121482585e+06	1.04685285830377e+04,2.78399939572216e+03
3.38844156139196e+06	1.04917851816301e+04,2.84815204428491e+03
3.46736850452525e+06	1.05162356805459e+04,2.91370441772815e+03
3.54813389233568e+06	1.05419441906598e+04,2.98067728495365e+03
3.63078054770094e+06	1.05689783717804e+04,3.04909047033985e+03
3.71535229097165e+06	1.05974096161990e+04,3.11896266614180e+03
3.80189396320554e+06	1.06273132373640e+04,3.19031122246854e+03
3.89045144994273e+06	1.06587686628553e+04,3.26315191256897e+03
3.98107170553489e+06	1.06918596305974e+04,3.33749867098300e+03
4.07380277804105e+06	1.07266743869692e+04,3.41336330193932e+03
4.16869383470327e+06	1.07633058851461e+04,3.49075515520797e+03
4.26579518801584e+06	1.08018519816297e+04,3.56968076644934e+03
4.36515832240157e+06	1.08424156284892e+04,3.65014345894824e+03
4.46683592150954e+06	1.08851050583344e+04,3.73214290348767e+03
4.57088189614866e+06	1.09300339584746e+04,3.81567463301288e+03
4.67735141287189e+06	1.09773216300675e+04,3.90072950867183e+03
4.78630092322629e+06	1.10270931273319e+04,3.98729313380776e+03
4.89778819368436e+06	1.10794793710818e+04,4.07534521253794e+03
5.01187233627262e+06	1.11346172299246e+04,4.16485884970070e+03
5.12861383991355e+06	1.11926495614669e+04,4.25579978921076e+03
5.24807460249762e+06	1.12537252047641e+04,4.34812558825816e+03
5.37031796370242e+06	1.13179989140686e+04,4.44178472534784e+03
5.49540873857613e+06	1.13856312226535e+04,4.53671564093796e+03
5.62341325190338e+06	1.14567882241514e+04,4.63284571043434e+03
5.75439937337145e+06	1.15316412574641e+04,4.73009015057495e+03
5.88843655355577e+06	1.16103664798942e+04,4.82835086183701e+03
6.02559586074345e+06	1.16931443117808e+04,4.92751521146521e+03
6.16595001861470e+06	1.17801587346255e+04,5.02745476409857e+03
6.30957344480180e+06	1.18715964235610e+04,5.12802396980879e+03
6.45654229034642e+06	1.19676456941149e+04,5.22905882269373e+03
6.60693448007582e+06	1.20684952426766e+04,5.33037550702522e+03
6.76082975391968e+06	1.21743326600059e+04,5.43176905234474e+03
6.91830970918922e+06	1.22853426976833e+04,5.53301202382961e+03
7.07945784384123e+06	1.24017052687614e+04,5.63385327968103e+03
7.24435960074975e+06	1.25235931662257e+04,5.73401683314359e+03
7.41310241300902e+06	1.26511694864134e+04,5.83320086293767e+03
7.58577575029168e+06	1.27845847494778e+04,5.93107692219695e+03
7.76247116628676e+06	1.29239737155267e+04,6.02728940221609e+03
7.94328234724265e+06	1.30694519033829e+04,6.12145531311392e+03
8.12830516164082e+06	1.32211118291565e+04,6.21316444851318e+03
8.31763771102654e+06	1.33790189940463e+04,6.30198000505303e+03
8.51138038202359e+06	1.35432076649837e+04,6.38743972943482e+03
8.70963589956062e+06	1.37136765077310e+04,6.46905766513859e+03
8.91250938133727e+06	1.38903841495450e+04,6.54632656728454e+03
9.12010839355890e+06	1.40732447669946e+04,6.61872104669255e+03
9.33254300796971e+06	1.42621238132551e+04,6.68570149240706e+03
9.54992586021416e+06	1.44568340172410e+04,6.74671880530801e+03
9.77237220955790e+06	1.46571318030846e+04,6.80121995361747e+03
9.99999999999979e+06	1.48627142913551e+04,6.84865433410472e+03
1.02329299228073e+07	1.50732170515107e+04,6.88848089091767e+03
1.04712854805088e+07	1.52882127768164e+04,6.92017590798961e+03
1.07151930523758e+07	1.55072110468543e+04,6.94324135213824e+03
1.09647819614316e+07	1.57296593275261e+04,6.95721360404954e+03
1.12201845430194e+07	1.59549453332396e+04,6.96167237555833e+03
1.14815362149686e+07	1.61824008404885e+04,6.95624957662813e+03
1.17489755493950e+07	1.64113069967166e+04,6.94063786705398e+03
1.20226443461739e+07	1.66409011144940e+04,6.91459860903975e+03
1.23026877081236e+07	1.68703848807972e+04,6.87796893006392e+03
1.25892541179414e+07	1.70989338475998e+04,6.83066761292572e+03
1.28824955169311e+07	1.73257080067612e+04,6.77269955280984e+03
1.31825673855638e+07	1.75498631935149e+04,6.70415855979908e+03
1.34896288259162e+07	1.77705630129509e+04,6.62522833844939e+03
1.38038426460286e+07	1.79869909467423e+04,6.53618154149966e+03
1.41253754462272e+07	1.81983622762332e+04,6.43737686903372e+03
1.44543977074590e+07	1.84039354550714e+04,6.32925426303372e+03
1.47910838816818e+07	1.86030225806812e+04,6.21232832529731e+03
1.51356124843618e+07	1.87949986483869e+04,6.08718015905900e+03
1.54881661891245e+07	1.89793093228055e+04,5.95444789665486e+03
1.58489319246108e+07	1.91554770248593e+04,5.81481622330555e+03
1.62181009735889e+07	1.93231052050856e+04,5.66900523784465e+03
1.65958690743752e+07	1.94818807499863e+04,5.51775900365399e+03
1.69824365246171e+07	1.96315745430615e+04,5.36183413730596e+03
1.73780082874934e+07	1.97720402713668e+04,5.20198875993616e+03
1.77827941003888e+07	1.99032116281740e+04,5.03897209978220e+03
1.81970085860994e+07	2.00250981098342e+04,4.87351498703621e+03
1.86208713666283e+07	2.01377796386653e+04,4.70632142799930e+03
1.90546071796321e+07	2.02414002631657e+04,4.53806138837887e+03
1.94984459975800e+07	2.03361611927069e+04,4.36936485903716e+03
1.99526231496884e+07	2.04223134175212e+04,4.20081722465107e+03
2.04173794466948e+07	2.05001501483420e+04,4.03295590894971e+03
2.08929613085399e+07	2.05699992858477e+04,3.86626823106073e+03
2.13796208950219e+07	2.06322161006061e+04,3.70119037686142e+03
2.18776162394950e+07	2.06871762718913e+04,3.53810736726180e+03
2.23872113856829e+07	2.07352694006556e+04,3.37735389164513e+03
2.29086765276772e+07	2.07768930798605e+04,3.21921586844140e+03
2.34422881531987e+07	2.08124475756342e+04,3.06393259492213e+03
2.39883291901944e+07	2.08423311462740e+04,2.91169935355254e+03
2.45470891568498e+07	2.08669360035040e+04,2.76267035136560e+03
2.51188643150952e+07	2.08866449018574e+04,2.61696188064017e+03
2.57039578276881e+07	2.09018283275418e+04,2.47465560260384e+03
2.63026799189532e+07	2.09128422474210e+04,2.33580187003001e+03
2.69153480392686e+07	2.09200263714417e+04,2.20042301872382e+03
2.75422870333811e+07	2.09237028774904e+04,2.06851657143254e+03
2.81838293126439e+07	2.09241755457990e+04,1.94005831027245e+03
2.88403150312654e+07	2.09217292501488e+04,1.81500518508128e+03
2.95120922666632e+07	2.09166297547843e+04,1.69329803504292e+03
3.01995172040195e+07	2.09091237687466e+04,1.57486410944740e+03
3.09029543251352e+07	2.08994392128966e+04,1.45961938057185e+03
3.16227766016831e+07	2.08877856589351e+04,1.34747064747649e+03
3.23593656929621e+07	2.08743549039880e+04,1.23831743411694e+03
3.31131121482584e+07	2.08593216486249e+04,1.13205368871172e+03
3.38844156139195e+07	2.08428442503710e+04,1.02856929390997e+03
3.46736850452524e+07	2.08250655287544e+04,9.27751399120323e+02
3.54813389233568e+07	2.08061136016358e+04,8.29485587516126e+02
3.63078054770093e+07	2.07861027359492e+04,7.33656890850052e+02
3.71535229097164e+07	2.07651341990280e+04,6.40150665398487e+02
3.80189396320553e+07	2.07432970993866e+04,5.48853342211063e+02
3.89045144994272e+07	2.07206692081980e+04,4.59653064443650e+02
3.98107170553488e+07	2.06973177547500e+04,3.72440223973821e+02
4.07380277804104e+07	2.06733001909208e+04,2.87107908793433e+02
4.16869383470326e+07	2.06486649211945e+04,2.03552271889095e+02
4.26579518801583e+07	2.06234519959838e+04,1.21672831495802e+02
4.36515832240156e+07	2.05976937670505e+04,4.13727117694614e+01
4.46683592150953e+07	2.05714155046598e+04,-3.74411679067583e+01
4.57088189614865e+07	2.05446359767759e+04,-1.14857947574559e+02
4.67735141287188e+07	2.05173679911468e+04,-1.90962718674321e+02
4.78630092322628e+07	2.04896189015416e+04,-2.65836447432388e+02
4.89778819368435e+07	2.04613910797195e+04,-3.39555924434363e+02
5.01187233627261e+07	2.04326823549427e+04,-4.12193735788017e+02
5.12861383991353e+07	2.04034864230058e+04,-4.83818251860705e+02
5.24807460249761e+07	2.03737932268600e+04,-5.54493630108223e+02
5.37031796370241e+07	2.03435893109663e+04,-6.24279828997179e+02
5.49540873857612e+07	2.03128581515323e+04,-6.93232630463268e+02
5.62341325190336e+07	2.02815804647751e+04,-7.61403668746913e+02
5.75439937337144e+07	2.02497344953196e+04,-8.28840463807953e+02
5.88843655355576e+07	2.02172962867855e+04,-8.95586457846607e+02
6.02559586074344e+07	2.01842399365477e+04,-9.61681053750999e+02
6.16595001861468e+07	2.01505378365766e+04,-1.02715965455625e+03
6.30957344480179e+07	2.01161609021737e+04,-1.09205370323843e+03
6.45654229034641e+07	2.00810787903218e+04,-1.15639072238209e+03
6.60693448007581e+07	2.00452601092703e+04,-1.22019435345428e+03
6.76082975391967e+07	2.00086726208672e+04,-1.28348439559406e+03
6.91830970918921e+07	1.99712834370436e+04,-1.34627684398511e+03
7.07945784384122e+07	1.99330592117404e+04,-1.40858392802334e+03
7.24435960074974e+07	1.98939663294549e+04,-1.47041414962110e+03
7.41310241300901e+07	1.98539710914648e+04,-1.53177232210727e+03
7.58577575029167e+07	1.98130399006646e+04,-1.59265961028766e+03
7.76247116628674e+07	1.97711394458270e+04,-1.65307357232426e+03
7.94328234724264e+07	1.97282368859734e+04,-1.71300820417497e+03
8.12830516164081e+07	1.96843000354020e+04,-1.77245398740691e+03
8.31763771102652e+07	1.96392975497939e+04,-1.83139794125759e+03
8.51138038202357e+07	1.95931991136698e+04,-1.88982367986708e+03
8.70963589956061e+07	1.95459756293358e+04,-1.94771147564170e+03
8.91250938133725e+07	1.94975994073037e+04,-2.00503832973420e+03
9.12010839355889e+07	1.94480443580258e+04,-2.06177805063645e+03
9.33254300796970e+07	1.93972861846327e+04,-2.11790134187768e+03
9.54992586021414e+07	1.93453025762084e+04,-2.17337589980271e+03
9.77237220955788e+07	1.92920734009844e+04,-2.22816652237054e+03
9.99999999999977e+07	1.92375808986817e+04,-2.28223522986220e+03
1.02329299228073e+08	1.91818098710812e+04,-2.33554139831794e+03
1.04712854805088e+08	1.91247478697550e+04,-2.38804190643678e+03
1.07151930523758e+08	1.90663853797532e+04,-2.43969129656541e+03
1.09647819614316e+08	1.90067159979104e+04,-2.49044195027892e+03
1.12201845430194e+08	1.89457366043167e+04,-2.54024427891235e+03
1.14815362149686e+08	1.88834475253906e+04,-2.58904692924025e+03
1.17489755493950e+08	1.88198526869049e+04,-2.63679700432256e+03
1.20226443461738e+08	1.87549597552436e+04,-2.68344029933970e+03
1.23026877081235e+08	1.86887802651237e+04,-2.72892155203043e+03
1.25892541179414e+08	1.86213297319882e+04,-2.77318470712436e+03
1.28824955169310e+08	1.85526277472847e+04,-2.81617319392989e+03
1.31825673855638e+08	1.84826980548743e+04,-2.85783021600172e+03
1.34896288259162e+08	1.84115686068809e+04,-2.89809905157198e+03
1.38038426460285e+08	1.83392715973877e+04,-2.93692336319181e+03
1.41253754462272e+08	1.82658434725169e+04,-2.97424751479809e+03
1.44543977074589e+08	1.81913249155913e+04,-3.01001689419945e+03
1.47910838816817e+08	1.81157608062734e+04,-3.04417823877032e+03
1.51356124843617e+08	1.80392001528022e+04,-3.07667996195783e+03
1.54881661891244e+08	1.79616959967044e+04,-3.10747247804691e+03
1.58489319246108e+08	1.78833052896399e+04,-3.13650852250120e+03
1.62181009735889e+08	1.78040887423408e+04,-3.16374346510270e+03
1.65958690743752e+08	1.77241106459314e+04,-3.18913561305786e+03
1.69824365246170e+08	1.76434386662424e+04,-3.21264650122392e+03
1.73780082874933e+08	1.75621436120800e+04,-3.23424116663862e+03
1.77827941003888e+08	1.74802991787451e+04,-3.25388840461251e+03
1.81970085860994e+08	1.73979816684362e+04,-3.27156100376334e+03
1.86208713666282e+08	1.73152696894870e+04,-3.28723595753945e+03
1.90546071796320e+08	1.72322438366921e+04,-3.30089464998847e+03
1.94984459975800e+08	1.71489863552494e+04,-3.31252301377948e+03
1.99526231496883e+08	1.70655807910853e+04,-3.32211165877452e+03
2.04173794466948e+08	1.69821116305386e+04,-3.32965596976643e+03
2.08929613085399e+08	1.68986639325351e+04,-3.33515617234711e+03
2.13796208950218e+08	1.68153229565021e+04,-3.33861736623820e+03
2.18776162394950e+08	1.67321737893352e+04,-3.34004952579733e+03
2.23872113856829e+08	1.66493009747487e+04,-3.33946746780028e+03
2.29086765276772e+08	1.65667881482990e+04,-3.33689078698539e+03
2.34422881531987e+08	1.64847176812878e+04,-3.33234376022349e+03
2.39883291901943e+08	1.64031703366161e+04,-3.32585522053783e+03
2.45470891568497e+08	1.63222249394786e+04,-3.31745840253681e+03
2.51188643150952e+08	1.62419580655681e+04,-3.30719076113153e+03
2.57039578276880e+08	1.61624437492030e+04,-3.29509376568582e+03
2.63026799189532e+08	1.60837532135005e+04,-3.28121267198291e+03
2.69153480392685e+08	1.60059546244111e+04,-3.26559627458762e+03
2.75422870333810e+08	1.59291128700960e+04,-3.24829664233355e+03
2.81838293126438e+08	1.58532893667924e+04,-3.22936883976962e+03
2.88403150312654e+08	1.57785418919656e+04,-3.20887063745950e+03
2.95120922666631e+08	1.57049244452074e+04,-3.18686221404232e+03
3.01995172040194e+08	1.56324871370040e+04,-3.16340585293416e+03
3.09029543251351e+08	1.55612761051809e+04,-3.13856563648173e+03
3.16227766016830e+08	1.54913334585297e+04,-3.11240714027384e+03
3.23593656929620e+08	1.54226972468478e+04,-3.08499713017820e+03
3.31131121482583e+08	1.53554014563685e+04,-3.05640326450464e+03
3.38844156139194e+08	1.52894760293431e+04,-3.02669380350544e+03
3.46736850452523e+08	1.52249469063431e+04,-2.99593732821519e+03
3.54813389233567e+08	1.51618360896971e+04,-2.96420247040961e+03
3.63078054770092e+08	1.51001617263505e+04,-2.93155765523185e+03
3.71535229097163e+08	1.50399382083446e+04,-2.89807085779885e+03
3.80189396320552e+08	1.49811762890505e+04,-2.86380937486481e+03
3.89045144994271e+08	1.49238832132615e+04,-2.82883961238710e+03
3.98107170553487e+08	1.48680628592428e+04,-2.79322688961548e+03
4.07380277804103e+08	1.48137158908592e+04,-2.75703526011170e+03
4.16869383470325e+08	1.47608399179428e+04,-2.72032734990502e+03
4.26579518801582e+08	1.47094296631281e+04,-2.68316421280332e+03
4.36515832240155e+08	1.46594771334583e+04,-2.64560520270910e+03
4.46683592150952e+08	1.46109717951634e+04,-2.60770786263713e+03
4.57088189614864e+08	1.45639007501116e+04,-2.56952782999578e+03
4.67735141287186e+08	1.45182489125514e+04,-2.53111875757743e+03
4.78630092322626e+08	1.44739991848767e+04,-2.49253224960459e+03
4.89778819368434e+08	1.44311326312735e+04,-2.45381781209724e+03
5.01187233627260e+08	1.43896286482237e+04,-2.41502281676245e+03
5.12861383991352e+08	1.43494651309707e+04,-2.37619247755849e+03
5.24807460249759e+08	1.43106186351640e+04,-2.33736983905205e+03
5.37031796370239e+08	1.42730645330226e+04,-2.29859577566633e+03
5.49540873857610e+08	1.42367771634637e+04,-2.25990900090985e+03
5.62341325190335e+08	1.42017299757496e+04,-2.22134608567838e+03
5.75439937337142e+08	1.41678956663063e+04,-2.18294148473452e+03
5.88843655355574e+08	1.41352463084545e+04,-2.14472757048996e+03
6.02559586074342e+08	1.41037534748818e+04,-2.10673467324288e+03
6.16595001861466e+08	1.40733883527597e+04,-2.06899112705595e+03
6.30957344480177e+08	1.40441218514761e+04,-2.03152332049823e+03
6.45654229034639e+08	1.40159247030179e+04,-1.99435575151560e+03
6.60693448007579e+08	1.39887675550899e+04,-1.95751108573791e+03
6.76082975391964e+08	1.39626210571037e+04,-1.92101021757714e+03
6.91830970918918e+08	1.39374559392108e+04,-1.88487233351684e+03
7.07945784384120e+08	1.39132430845853e+04,-1.84911497704028e+03
7.24435960074971e+08	1.38899535951926e+04,-1.81375411469103e+03
7.41310241300898e+08	1.38675588512995e+04,-1.77880420280543e+03
7.58577575029164e+08	1.38460305650007e+04,-1.74427825450074e+03
7.76247116628671e+08	1.38253408280468e+04,-1.71018790654568e+03
7.94328234724261e+08	1.38054621542705e+04,-1.67654348578096e+03
8.12830516164078e+08	1.37863675169099e+04,-1.64335407479661e+03
8.31763771102649e+08	1.37680303811304e+04,-1.61062757660927e+03
8.51138038202354e+08	1.37504247320473e+04,-1.57837077811758e+03
8.70963589956058e+08	1.37335250985439e+04,-1.54658941214545e+03
8.91250938133722e+08	1.37173065731793e+04,-1.51528821791322e+03
9.12010839355886e+08	1.37017448284683e+04,-1.48447099980370e+03
9.33254300796966e+08	1.36868161298106e+04,-1.45414068431573e+03
9.54992586021411e+08	1.36724973453350e+04,-1.42429937512017e+03
9.77237220955785e+08	1.36587659529135e+04,-1.39494840615455e+03
9.99999999999973e+08	1.36456000445906e+04,-1.36608839271088e+03
1.02329299228073e+09	1.36329783286596e+04,-1.33771928048804e+03
1.04712854805087e+09	1.36208801296063e+04,-1.30984039259484e+03
1.07151930523758e+09	1.36092853861290e+04,-1.28245047450322e+03
1.09647819614316e+09	1.35981746474307e+04,-1.25554773696221e+03
1.12201845430193e+09	1.35875290679666e+04,-1.22912989689379e+03
1.14815362149685e+09	1.35773304008209e+04,-1.20319421629974e+03
1.17489755493950e+09	1.35675609898722e+04,-1.17773753921657e+03
1.20226443461738e+09	1.35582037608968e+04,-1.15275632676141e+03
1.23026877081235e+09	1.35492422117490e+04,-1.12824669031705e+03
1.25892541179413e+09	1.35406604017458e+04,-1.10420442290836e+03
1.28824955169310e+09	1.35324429403743e+04,-1.08062502882592e+03
1.31825673855637e+09	1.35245749754296e+04,-1.05750375155483e+03
1.34896288259162e+09	1.35170421806831e+04,-1.03483560006903e+03
1.38038426460285e+09	1.35098307431720e+04,-1.01261537355228e+03
1.41253754462272e+09	1.35029273501918e+04,-9.90837684607969e+02
1.44543977074589e+09	1.34963191760677e+04,-9.69496981020019e+02
1.47910838816817e+09	1.34899938687725e+04,-9.48587566127149e+02
1.51356124843617e+09	1.34839395364523e+04,-9.28103617872089e+02
1.54881661891244e+09	1.34781447339152e+04,-9.08039206586689e+02
1.58489319246107e+09	1.34725984491319e+04,-8.88388311572657e+02
1.62181009735889e+09	1.34672900897923e+04,-8.69144836536624e+02
1.65958690743751e+09	1.34622094699580e+04,-8.50302623936441e+02
1.69824365246170e+09	1.34573467968436e+04,-8.31855468294415e+02
1.73780082874933e+09	1.34526926577582e+04,-8.13797128531131e+02
1.77827941003887e+09	1.34482380072335e+04,-7.96121339371987e+02
1.81970085860993e+09	1.34439741543610e+04,-7.78821821876596e+02
1.86208713666282e+09	1.34398927503578e+04,-7.61892293139277e+02
1.90546071796319e+09	1.34359857763789e+04,-7.45326475207060e+02
1.94984459975799e+09	1.34322455315888e+04,-7.29118103259576e+02
1.99526231496882e+09	1.34286646215054e+04,-7.13260933093462e+02
2.04173794466947e+09	1.34252359466246e+04,-6.97748747951695e+02
2.08929613085398e+09	1.34219526913339e+04,-6.82575364736853e+02
2.13796208950217e+09	1.34188083131215e+04,-6.67734639644960e+02
2.18776162394949e+09	1.34157965320838e+04,-6.53220473255156e+02
2.23872113856828e+09	1.34129113207351e+04,-6.39026815108577e+02
2.29086765276771e+09	1.34101468941222e+04,-6.25147667808032e+02
2.34422881531986e+09	1.34074977002424e+04,-6.11577090668498e+02
2.39883291901942e+09	1.34049584107668e+04,-5.98309202947108e+02
2.45470891568496e+09	1.34025239120665e+04,-5.85338186679354e+02
2.51188643150951e+09	1.34001892965408e+04,-5.72658289147178e+02
2.57039578276879e+09	1.33979498542446e+04,-5.60263825003112e+02
2.63026799189531e+09	1.33958010648120e+04,-5.48149178073344e+02
2.69153480392684e+09	1.33937385896739e+04,-5.36308802861285e+02
2.75422870333809e+09	1.33917582645645e+04,-5.24737225772215e+02
2.81838293126437e+09	1.33898560923143e+04,-5.13429046078367e+02
2.88403150312652e+09	1.33880282359246e+04,-5.02378936642858e+02
2.95120922666630e+09	1.33862710119201e+04,-4.91581644419900e+02
3.01995172040193e+09	1.33845808839740e+04,-4.81031990747841e+02
3.09029543251350e+09	1.33829544568028e+04,-4.70724871450852e+02
3.16227766016829e+09	1.33813884703256e+04,-4.60655256764246e+02
3.23593656929619e+09	1.33798797940829e+04,-4.50818191097785e+02
3.31131121482582e+09	1.33784254219117e+04,-4.41208792650707e+02
3.38844156139193e+09	1.33770224668712e+04,-4.31822252891689e+02
3.46736850452522e+09	1.33756681564163e+04,-4.22653835916429e+02
3.54813389233565e+09	1.33743598278124e+04,-4.13698877695179e+02
3.63078054770091e+09	1.33730949237890e+04,-4.04952785222105e+02
3.71535229097162e+09	1.33718709884270e+04,-3.96411035577960e+02
3.80189396320550e+09	1.33706856632753e+04,-3.88069174917700e+02
3.89045144994269e+09	1.33695366836923e+04,-3.79922817393770e+02
3.98107170553486e+09	1.33684218754081e+04,-3.71967644026232e+02
4.07380277804101e+09	1.33673391513027e+04,-3.64199401530393e+02
4.16869383470323e+09	1.33662865083953e+04,-3.56613901112687e+02
4.26579518801580e+09	1.33652620250407e+04,-3.49207017245244e+02
4.36515832240153e+09	1.33642638583263e+04,-3.41974686429748e+02
4.46683592150950e+09	1.33632902416659e+04,-3.34912905960987e+02
4.57088189614862e+09	1.33623394825839e+04,-3.28017732700427e+02
4.67735141287185e+09	1.33614099606834e+04,-3.21285281870271e+02
4.78630092322624e+09	1.33605001257932e+04,-3.14711725877980e+02
4.89778819368432e+09	1.33596084962852e+04,-3.08293293181669e+02
5.01187233627258e+09	1.33587336575559e+04,-3.02026267206151e+02
5.12861383991350e+09	1.33578742606634e+04,-2.95906985319622e+02
5.24807460249757e+09	1.33570290211110e+04,-2.89931837880311e+02
5.37031796370237e+09	1.33561967177688e+04,-2.84097267362816e+02
5.49540873857609e+09	1.33553761919226e+04,-2.78399767572287e+02
5.62341325190333e+09	1.33545663464392e+04,-2.72835882955732e+02
5.75439937337140e+09	1.33537661450370e+04,-2.67402208017437e+02
5.88843655355572e+09	1.33529746116493e+04,-2.62095386846430e+02
6.02559586074340e+09	1.33521908298664e+04,-2.56912112761759e+02
6.16595001861464e+09	1.33514139424446e+04,-2.51849128081397e+02
6.30957344480175e+09	1.33506431508647e+04,-2.46903224019119e+02
6.45654229034637e+09	1.33498777149282e+04,-2.42071240712565e+02
6.60693448007577e+09	1.33491169523719e+04,-2.37350067384720e+02
6.76082975391962e+09	1.33483602384879e+04,-2.32736642638986e+02
6.91830970918916e+09	1.33476070057306e+04,-2.28227954887592e+02
7.07945784384117e+09	1.33468567432942e+04,-2.23821042910171e+02
7.24435960074969e+09	1.33461089966454e+04,-2.19512996538741e+02
7.41310241300896e+09	1.33453633669932e+04,-2.15300957463248e+02
7.58577575029162e+09	1.33446195106805e+04,-2.11182120149406e+02
7.76247116628669e+09	1.33438771384823e+04,-2.07153732859959e+02
7.94328234724258e+09	1.33431360147952e+04,-2.03213098767550e+02
8.12830516164075e+09	1.33423959567055e+04,-1.99357577146434e+02
8.31763771102647e+09	1.33416568329225e+04,-1.95584584628007e+02
8.51138038202351e+09	1.33409185625673e+04,-1.91891596504242e+02
8.70963589956055e+09	1.33401811138082e+04,-1.88276148060699e+02
8.91250938133719e+09	1.33394445023343e+04,-1.84735835921098e+02
9.12010839355883e+09	1.33387087896645e+04,-1.81268319382506e+02
9.33254300796963e+09	1.33379740812880e+04,-1.77871321721410e+02
9.54992586021408e+09	1.33372405246366e+04,-1.74542631448814e+02
9.77237220955782e+09	1.33365083068918e+04,-1.71280103493634e+02
1.00000000000000e+10	1.33357776526308e+04,-1.68081660292986e+02
