Freq.	V(vip)/I(V2)
1.00000000000000e+00	1.99999999999995e+04,-2.01171662702690e-08
1.02329299228075e+00	1.99999999999995e+04,-2.05857552698906e-08
1.04712854805090e+00	1.99999999999995e+04,-2.10652591052581e-08
1.07151930523761e+00	1.99999999999995e+04,-2.15559320295150e-08
1.09647819614318e+00	1.99999999999995e+04,-2.20580341812115e-08
1.12201845430196e+00	1.99999999999995e+04,-2.25718318051203e-08
1.14815362149688e+00	1.99999999999995e+04,-2.30975973096097e-08
1.17489755493953e+00	1.99999999999995e+04,-2.36356094636369e-08
1.20226443461741e+00	1.99999999999995e+04,-2.41861535304284e-08
1.23026877081238e+00	1.99999999999995e+04,-2.47495214180438e-08
1.25892541179417e+00	1.99999999999995e+04,-2.53260118311298e-08
1.28824955169313e+00	1.99999999999995e+04,-2.59159304315509e-08
1.31825673855641e+00	1.99999999999995e+04,-2.65195899910205e-08
1.34896288259165e+00	1.99999999999995e+04,-2.71373106022967e-08
1.38038426460288e+00	1.99999999999995e+04,-2.77694197714627e-08
1.41253754462275e+00	1.99999999999995e+04,-2.84162526515059e-08
1.44543977074593e+00	1.99999999999995e+04,-2.90781522064969e-08
1.47910838816821e+00	1.99999999999995e+04,-2.97554693816243e-08
1.51356124843621e+00	1.99999999999995e+04,-3.04485633011892e-08
1.54881661891248e+00	1.99999999999995e+04,-3.11578014486657e-08
1.58489319246111e+00	1.99999999999995e+04,-3.18835598737440e-08
1.62181009735893e+00	1.99999999999995e+04,-3.26262233945265e-08
1.65958690743756e+00	1.99999999999995e+04,-3.33861857627493e-08
1.69824365246174e+00	1.99999999999995e+04,-3.41638499257164e-08
1.73780082874937e+00	1.99999999999995e+04,-3.49596282179086e-08
1.77827941003892e+00	1.99999999999995e+04,-3.57739425648002e-08
1.81970085860998e+00	1.99999999999995e+04,-3.66072247314935e-08
1.86208713666287e+00	1.99999999999995e+04,-3.74599165399359e-08
1.90546071796325e+00	1.99999999999995e+04,-3.83324700876435e-08
1.94984459975804e+00	1.99999999999995e+04,-3.92253480182050e-08
1.99526231496888e+00	1.99999999999995e+04,-4.01390237419248e-08
2.04173794466953e+00	1.99999999999995e+04,-4.10739817104958e-08
2.08929613085404e+00	1.99999999999995e+04,-4.20307176529945e-08
2.13796208950223e+00	1.99999999999995e+04,-4.30097388372696e-08
2.18776162394955e+00	1.99999999999995e+04,-4.40115643604651e-08
2.23872113856834e+00	1.99999999999995e+04,-4.50367253913835e-08
2.29086765276777e+00	1.99999999999995e+04,-4.60857654827467e-08
2.34422881531992e+00	1.99999999999995e+04,-4.71592408536455e-08
2.39883291901949e+00	1.99999999999995e+04,-4.82577206982925e-08
2.45470891568503e+00	1.99999999999995e+04,-4.93817874016350e-08
2.51188643150958e+00	1.99999999999995e+04,-5.05320369998471e-08
2.57039578276886e+00	1.99999999999995e+04,-5.17090793527134e-08
2.63026799189538e+00	1.99999999999995e+04,-5.29135385247609e-08
2.69153480392691e+00	1.99999999999995e+04,-5.41460531827693e-08
2.75422870333816e+00	1.99999999999995e+04,-5.54072767860885e-08
2.81838293126445e+00	1.99999999999995e+04,-5.66978780492308e-08
2.88403150312660e+00	1.99999999999995e+04,-5.80185412909415e-08
2.95120922666638e+00	1.99999999999995e+04,-5.93699667347298e-08
3.01995172040201e+00	1.99999999999995e+04,-6.07528709018795e-08
3.09029543251359e+00	1.99999999999995e+04,-6.21679870581258e-08
3.16227766016837e+00	1.99999999999995e+04,-6.36160654964853e-08
3.23593656929628e+00	1.99999999999995e+04,-6.50978740292627e-08
3.31131121482591e+00	1.99999999999995e+04,-6.66141983042660e-08
3.38844156139202e+00	1.99999999999995e+04,-6.81658423122316e-08
3.46736850452531e+00	1.99999999999995e+04,-6.97536287481370e-08
3.54813389233575e+00	1.99999999999995e+04,-7.13783994924876e-08
3.63078054770101e+00	1.99999999999995e+04,-7.30410160052201e-08
3.71535229097172e+00	1.99999999999995e+04,-7.47423598177425e-08
3.80189396320560e+00	1.99999999999995e+04,-7.64833330306654e-08
3.89045144994280e+00	1.99999999999996e+04,-7.82648587184255e-08
3.98107170553496e+00	1.99999999999996e+04,-8.00878814883937e-08
4.07380277804112e+00	1.99999999999996e+04,-8.19533678780539e-08
4.16869383470335e+00	1.99999999999996e+04,-8.38623070431184e-08
4.26579518801592e+00	1.99999999999996e+04,-8.58157111220822e-08
4.36515832240165e+00	1.99999999999996e+04,-8.78146158218348e-08
4.46683592150962e+00	1.99999999999996e+04,-8.98600809818297e-08
4.57088189614874e+00	1.99999999999996e+04,-9.19531911668752e-08
4.67735141287197e+00	1.99999999999996e+04,-9.40950561542781e-08
4.78630092322637e+00	1.99999999999996e+04,-9.62868115606476e-08
4.89778819368445e+00	1.99999999999996e+04,-9.85296194977833e-08
5.01187233627271e+00	1.99999999999996e+04,-1.00824669180819e-07
5.12861383991364e+00	1.99999999999996e+04,-1.03173177441040e-07
5.24807460249771e+00	1.99999999999996e+04,-1.05576389496157e-07
5.37031796370252e+00	1.99999999999996e+04,-1.08035579494554e-07
5.49540873857623e+00	1.99999999999996e+04,-1.10552051417182e-07
5.62341325190348e+00	1.99999999999996e+04,-1.13127139506302e-07
5.75439937337156e+00	1.99999999999996e+04,-1.15762209083008e-07
5.88843655355588e+00	1.99999999999997e+04,-1.18458657347533e-07
6.02559586074356e+00	1.99999999999997e+04,-1.21217913944520e-07
6.16595001861481e+00	1.99999999999997e+04,-1.24041441902099e-07
6.30957344480192e+00	1.99999999999997e+04,-1.26930738251608e-07
6.45654229034654e+00	1.99999999999997e+04,-1.29887334968468e-07
6.60693448007594e+00	1.99999999999997e+04,-1.32912799656224e-07
6.76082975391980e+00	1.99999999999997e+04,-1.36008736473913e-07
6.91830970918935e+00	1.99999999999997e+04,-1.39176786967020e-07
7.07945784384136e+00	1.99999999999997e+04,-1.42418630786725e-07
7.24435960074988e+00	1.99999999999997e+04,-1.45735986863113e-07
7.41310241300916e+00	1.99999999999998e+04,-1.49130614108934e-07
7.58577575029182e+00	1.99999999999998e+04,-1.52604312356506e-07
7.76247116628690e+00	1.99999999999998e+04,-1.56158923447276e-07
7.94328234724279e+00	1.99999999999998e+04,-1.59796332030676e-07
8.12830516164097e+00	1.99999999999998e+04,-1.63518466810852e-07
8.31763771102669e+00	1.99999999999998e+04,-1.67327301197355e-07
8.51138038202374e+00	1.99999999999998e+04,-1.71224854744902e-07
8.70963589956078e+00	1.99999999999999e+04,-1.75213193982075e-07
8.91250938133743e+00	1.99999999999999e+04,-1.79294433582081e-07
9.12010839355907e+00	1.99999999999999e+04,-1.83470737440534e-07
9.33254300796988e+00	1.99999999999999e+04,-1.87744319948257e-07
9.54992586021433e+00	1.99999999999999e+04,-1.92117446981383e-07
9.77237220955808e+00	2.00000000000000e+04,-1.96592437215710e-07
9.99999999999997e+00	2.00000000000000e+04,-2.01171663376538e-07
1.02329299228075e+01	2.00000000000000e+04,-2.05857553450858e-07
1.04712854805090e+01	2.00000000000000e+04,-2.10652591834345e-07
1.07151930523760e+01	2.00000000000001e+04,-2.15559321045813e-07
1.09647819614318e+01	2.00000000000001e+04,-2.20580342722209e-07
1.12201845430196e+01	2.00000000000001e+04,-2.25718318976121e-07
1.14815362149688e+01	2.00000000000002e+04,-2.30975974099896e-07
1.17489755493953e+01	2.00000000000002e+04,-2.36356095719595e-07
1.20226443461741e+01	2.00000000000002e+04,-2.41861536504806e-07
1.23026877081238e+01	2.00000000000003e+04,-2.47495215500605e-07
1.25892541179416e+01	2.00000000000003e+04,-2.53260119643874e-07
1.28824955169313e+01	2.00000000000003e+04,-2.59159305707114e-07
1.31825673855640e+01	2.00000000000004e+04,-2.65195901534712e-07
1.34896288259165e+01	2.00000000000004e+04,-2.71373107691482e-07
1.38038426460288e+01	2.00000000000005e+04,-2.77694199492365e-07
1.41253754462275e+01	2.00000000000005e+04,-2.84162528400962e-07
1.44543977074592e+01	2.00000000000006e+04,-2.90781524086894e-07
1.47910838816820e+01	2.00000000000006e+04,-2.97554695927837e-07
1.51356124843620e+01	2.00000000000007e+04,-3.04485635322310e-07
1.54881661891248e+01	2.00000000000007e+04,-3.11578016988950e-07
1.58489319246111e+01	2.00000000000008e+04,-3.18835601503904e-07
1.62181009735892e+01	2.00000000000008e+04,-3.26262236853280e-07
1.65958690743755e+01	2.00000000000009e+04,-3.33861860743431e-07
1.69824365246174e+01	2.00000000000010e+04,-3.41638502574143e-07
1.73780082874937e+01	2.00000000000011e+04,-3.49596285732245e-07
1.77827941003892e+01	2.00000000000011e+04,-3.57739429520325e-07
1.81970085860998e+01	2.00000000000012e+04,-3.66072251467412e-07
1.86208713666286e+01	2.00000000000013e+04,-3.74599169776371e-07
1.90546071796324e+01	2.00000000000014e+04,-3.83324705617509e-07
1.94984459975804e+01	2.00000000000015e+04,-3.92253485275542e-07
1.99526231496887e+01	2.00000000000016e+04,-4.01390242882992e-07
2.04173794466952e+01	2.00000000000017e+04,-4.10739822935215e-07
2.08929613085403e+01	2.00000000000018e+04,-4.20307182778298e-07
2.13796208950222e+01	2.00000000000019e+04,-4.30097395050628e-07
2.18776162394954e+01	2.00000000000020e+04,-4.40115650650950e-07
2.23872113856833e+01	2.00000000000021e+04,-4.50367261440138e-07
2.29086765276776e+01	2.00000000000022e+04,-4.60857663010196e-07
2.34422881531991e+01	2.00000000000024e+04,-4.71592417375975e-07
2.39883291901948e+01	2.00000000000025e+04,-4.82577216379709e-07
2.45470891568502e+01	2.00000000000026e+04,-4.93817884142917e-07
2.51188643150957e+01	2.00000000000028e+04,-5.05320380813726e-07
2.57039578276885e+01	2.00000000000029e+04,-5.17090805036239e-07
2.63026799189537e+01	2.00000000000031e+04,-5.29135397698125e-07
2.69153480392690e+01	2.00000000000033e+04,-5.41460545120757e-07
2.75422870333815e+01	2.00000000000035e+04,-5.54072782059295e-07
2.81838293126444e+01	2.00000000000036e+04,-5.66978795795979e-07
2.88403150312659e+01	2.00000000000038e+04,-5.80185429222263e-07
2.95120922666637e+01	2.00000000000040e+04,-5.93699684744962e-07
3.01995172040200e+01	2.00000000000043e+04,-6.07528727861795e-07
3.09029543251358e+01	2.00000000000045e+04,-6.21679890598477e-07
3.16227766016837e+01	2.00000000000047e+04,-6.36160676392404e-07
3.23593656929627e+01	2.00000000000050e+04,-6.50978763263456e-07
3.31131121482590e+01	2.00000000000052e+04,-6.66142007809886e-07
3.38844156139201e+01	2.00000000000055e+04,-6.81658449610767e-07
3.46736850452530e+01	2.00000000000058e+04,-6.97536315777207e-07
3.54813389233574e+01	2.00000000000061e+04,-7.13784025282806e-07
3.63078054770100e+01	2.00000000000064e+04,-7.30410192481226e-07
3.71535229097171e+01	2.00000000000067e+04,-7.47423633100799e-07
3.80189396320559e+01	2.00000000000071e+04,-7.64833367806569e-07
3.89045144994279e+01	2.00000000000074e+04,-7.82648627056433e-07
3.98107170553495e+01	2.00000000000078e+04,-8.00878857544155e-07
4.07380277804111e+01	2.00000000000082e+04,-8.19533724800812e-07
4.16869383470333e+01	2.00000000000086e+04,-8.38623119596249e-07
4.26579518801591e+01	2.00000000000090e+04,-8.58157164000655e-07
4.36515832240164e+01	2.00000000000095e+04,-8.78146214834636e-07
4.46683592150961e+01	2.00000000000100e+04,-8.98600870441776e-07
4.57088189614873e+01	2.00000000000105e+04,-9.19531976702560e-07
4.67735141287196e+01	2.00000000000110e+04,-9.40950631069442e-07
4.78630092322636e+01	2.00000000000115e+04,-9.62868190327246e-07
4.89778819368444e+01	2.00000000000121e+04,-9.85296275365137e-07
5.01187233627270e+01	2.00000000000127e+04,-1.00824677755902e-06
5.12861383991362e+01	2.00000000000133e+04,-1.03173186609360e-06
5.24807460249770e+01	2.00000000000140e+04,-1.05576399297102e-06
5.37031796370250e+01	2.00000000000146e+04,-1.08035590038423e-06
5.49540873857622e+01	2.00000000000153e+04,-1.10552062712752e-06
5.62341325190346e+01	2.00000000000161e+04,-1.13127151598678e-06
5.75439937337154e+01	2.00000000000169e+04,-1.15762222064662e-06
5.88843655355586e+01	2.00000000000177e+04,-1.18458671248458e-06
6.02559586074355e+01	2.00000000000186e+04,-1.21217928838183e-06
6.16595001861479e+01	2.00000000000195e+04,-1.24041457837562e-06
6.30957344480190e+01	2.00000000000204e+04,-1.26930755325183e-06
6.45654229034652e+01	2.00000000000214e+04,-1.29887353277341e-06
6.60693448007593e+01	2.00000000000224e+04,-1.32912819283775e-06
6.76082975391978e+01	2.00000000000235e+04,-1.36008757500691e-06
6.91830970918933e+01	2.00000000000246e+04,-1.39176809463913e-06
7.07945784384134e+01	2.00000000000258e+04,-1.42418654927814e-06
7.24435960074986e+01	2.00000000000271e+04,-1.45736012710496e-06
7.41310241300914e+01	2.00000000000284e+04,-1.49130641780484e-06
7.58577575029180e+01	2.00000000000297e+04,-1.52604342041021e-06
7.76247116628688e+01	2.00000000000312e+04,-1.56158955272924e-06
7.94328234724277e+01	2.00000000000326e+04,-1.59796366121696e-06
8.12830516164095e+01	2.00000000000342e+04,-1.63518503274634e-06
8.31763771102667e+01	2.00000000000358e+04,-1.67327340284412e-06
8.51138038202372e+01	2.00000000000376e+04,-1.71224896642325e-06
8.70963589956076e+01	2.00000000000393e+04,-1.75213238886419e-06
8.91250938133741e+01	2.00000000000412e+04,-1.79294481718619e-06
9.12010839355905e+01	2.00000000000432e+04,-1.83470789042774e-06
9.33254300796986e+01	2.00000000000452e+04,-1.87744375224295e-06
9.54992586021431e+01	2.00000000000474e+04,-1.92117506248264e-06
9.77237220955805e+01	2.00000000000497e+04,-1.96592500677957e-06
9.99999999999995e+01	2.00000000000520e+04,-2.01171731410636e-06
1.02329299228075e+02	2.00000000000545e+04,-2.05857626300334e-06
1.04712854805089e+02	2.00000000000571e+04,-2.10652669913429e-06
1.07151930523760e+02	2.00000000000598e+04,-2.15559404738323e-06
1.09647819614318e+02	2.00000000000627e+04,-2.20580432346505e-06
1.12201845430196e+02	2.00000000000656e+04,-2.25718415057818e-06
1.14815362149688e+02	2.00000000000688e+04,-2.30976077001796e-06
1.17489755493952e+02	2.00000000000720e+04,-2.36356206040850e-06
1.20226443461741e+02	2.00000000000755e+04,-2.41861654682836e-06
1.23026877081237e+02	2.00000000000790e+04,-2.47495342047450e-06
1.25892541179416e+02	2.00000000000828e+04,-2.53260255294213e-06
1.28824955169313e+02	2.00000000000867e+04,-2.59159451123522e-06
1.31825673855640e+02	2.00000000000908e+04,-2.65196057276109e-06
1.34896288259165e+02	2.00000000000951e+04,-2.71373274655072e-06
1.38038426460288e+02	2.00000000000996e+04,-2.77694378348667e-06
1.41253754462275e+02	2.00000000001044e+04,-2.84162720016397e-06
1.44543977074592e+02	2.00000000001093e+04,-2.90781729462909e-06
1.47910838816820e+02	2.00000000001145e+04,-2.97554915943163e-06
1.51356124843620e+02	2.00000000001199e+04,-3.04485871088720e-06
1.54881661891247e+02	2.00000000001256e+04,-3.11578269617770e-06
1.58489319246110e+02	2.00000000001315e+04,-3.18835872222238e-06
1.62181009735892e+02	2.00000000001377e+04,-3.26262526843526e-06
1.65958690743755e+02	2.00000000001443e+04,-3.33862171465074e-06
1.69824365246173e+02	2.00000000001511e+04,-3.41638835599645e-06
1.73780082874936e+02	2.00000000001582e+04,-3.49596642519982e-06
1.77827941003891e+02	2.00000000001657e+04,-3.57739811868945e-06
1.81970085860997e+02	2.00000000001736e+04,-3.66072661223130e-06
1.86208713666286e+02	2.00000000001818e+04,-3.74599608870505e-06
1.90546071796323e+02	2.00000000001903e+04,-3.83325176000625e-06
1.94984459975803e+02	2.00000000001993e+04,-3.92253989269019e-06
1.99526231496887e+02	2.00000000002088e+04,-4.01390783043107e-06
2.04173794466952e+02	2.00000000002186e+04,-4.10740401738098e-06
2.08929613085403e+02	2.00000000002289e+04,-4.20307802923484e-06
2.13796208950222e+02	2.00000000002398e+04,-4.30098059525967e-06
2.18776162394954e+02	2.00000000002511e+04,-4.40116362664257e-06
2.23872113856832e+02	2.00000000002630e+04,-4.50368024388596e-06
2.29086765276776e+02	2.00000000002754e+04,-4.60858480445259e-06
2.34422881531991e+02	2.00000000002884e+04,-4.71593293305757e-06
2.39883291901947e+02	2.00000000003020e+04,-4.82578154943407e-06
2.45470891568501e+02	2.00000000003162e+04,-4.93818889904890e-06
2.51188643150956e+02	2.00000000003312e+04,-5.05321458500598e-06
2.57039578276885e+02	2.00000000003468e+04,-5.17091959719275e-06
2.63026799189536e+02	2.00000000003632e+04,-5.29136635181545e-06
2.69153480392690e+02	2.00000000003803e+04,-5.41461870904700e-06
2.75422870333815e+02	2.00000000003983e+04,-5.54074202710166e-06
2.81838293126443e+02	2.00000000004171e+04,-5.66980317978972e-06
2.88403150312659e+02	2.00000000004367e+04,-5.80187060330127e-06
2.95120922666637e+02	2.00000000004574e+04,-5.93701432400375e-06
3.01995172040200e+02	2.00000000004789e+04,-6.07530600456068e-06
3.09029543251357e+02	2.00000000005015e+04,-6.21681897287487e-06
3.16227766016836e+02	2.00000000005252e+04,-6.36162826717383e-06
3.23593656929626e+02	2.00000000005500e+04,-6.50981067343800e-06
3.31131121482589e+02	2.00000000005759e+04,-6.66144476459516e-06
3.38844156139200e+02	2.00000000006031e+04,-6.81661094944078e-06
3.46736850452529e+02	2.00000000006315e+04,-6.97539150329632e-06
3.54813389233573e+02	2.00000000006613e+04,-7.13787062473516e-06
3.63078054770099e+02	2.00000000006925e+04,-7.30413446975178e-06
3.71535229097170e+02	2.00000000007252e+04,-7.47427120271086e-06
3.80189396320558e+02	2.00000000007594e+04,-7.64837104450110e-06
3.89045144994278e+02	2.00000000007952e+04,-7.82652631131237e-06
3.98107170553494e+02	2.00000000008327e+04,-8.00883147939140e-06
4.07380277804110e+02	2.00000000008719e+04,-8.19538321935504e-06
4.16869383470332e+02	2.00000000009131e+04,-8.38628045626615e-06
4.26579518801589e+02	2.00000000009561e+04,-8.58162442199711e-06
4.36515832240163e+02	2.00000000010012e+04,-8.78151870426035e-06
4.46683592150960e+02	2.00000000010484e+04,-8.98606930571856e-06
4.57088189614872e+02	2.00000000010979e+04,-9.19538470241722e-06
4.67735141287195e+02	2.00000000011496e+04,-9.40957589108296e-06
4.78630092322635e+02	2.00000000012038e+04,-9.62875645719109e-06
4.89778819368442e+02	2.00000000012606e+04,-9.85304264103423e-06
5.01187233627268e+02	2.00000000013200e+04,-1.00825533777488e-05
5.12861383991361e+02	2.00000000013823e+04,-1.03174103852032e-05
5.24807460249769e+02	2.00000000014474e+04,-1.05577382142861e-05
5.37031796370249e+02	2.00000000015157e+04,-1.08036643161990e-05
5.49540873857620e+02	2.00000000015871e+04,-1.10553191153477e-05
5.62341325190345e+02	2.00000000016619e+04,-1.13128360759445e-05
5.75439937337152e+02	2.00000000017403e+04,-1.15763517695039e-05
5.88843655355584e+02	2.00000000018223e+04,-1.18460059535745e-05
6.02559586074353e+02	2.00000000019082e+04,-1.21219416416953e-05
6.16595001861477e+02	2.00000000019982e+04,-1.24043051811068e-05
6.30957344480188e+02	2.00000000020924e+04,-1.26932463272773e-05
6.45654229034650e+02	2.00000000021910e+04,-1.29889183359539e-05
6.60693448007591e+02	2.00000000022943e+04,-1.32914780266734e-05
6.76082975391976e+02	2.00000000024025e+04,-1.36010858744450e-05
6.91830970918931e+02	2.00000000025157e+04,-1.39179061005014e-05
7.07945784384132e+02	2.00000000026343e+04,-1.42421067499123e-05
7.24435960074984e+02	2.00000000027585e+04,-1.45738597807604e-05
7.41310241300911e+02	2.00000000028885e+04,-1.49133411781770e-05
7.58577575029177e+02	2.00000000030247e+04,-1.52607310158624e-05
7.76247116628685e+02	2.00000000031672e+04,-1.56162135662084e-05
7.94328234724275e+02	2.00000000033165e+04,-1.59799773973262e-05
8.12830516164092e+02	2.00000000034729e+04,-1.63522154929180e-05
8.31763771102664e+02	2.00000000036366e+04,-1.67331253057255e-05
8.51138038202369e+02	2.00000000038080e+04,-1.71229089254621e-05
8.70963589956073e+02	2.00000000039875e+04,-1.75217731339040e-05
8.91250938133738e+02	2.00000000041754e+04,-1.79299295449474e-05
9.12010839355902e+02	2.00000000043722e+04,-1.83475947078787e-05
9.33254300796983e+02	2.00000000045783e+04,-1.87749902136343e-05
9.54992586021428e+02	2.00000000047941e+04,-1.92123428409231e-05
9.77237220955802e+02	2.00000000050201e+04,-1.96598846398278e-05
9.99999999999991e+02	2.00000000052567e+04,-2.01178530932757e-05
1.02329299228075e+03	2.00000000055044e+04,-2.05864912115327e-05
1.04712854805089e+03	2.00000000057639e+04,-2.10660476885326e-05
1.07151930523760e+03	2.00000000060355e+04,-2.15567770047320e-05
1.09647819614318e+03	2.00000000063200e+04,-2.20589395950089e-05
1.12201845430195e+03	2.00000000066179e+04,-2.25728019669598e-05
1.14815362149687e+03	2.00000000069298e+04,-2.30986368589304e-05
1.17489755493952e+03	2.00000000072564e+04,-2.36367233607605e-05
1.20226443461740e+03	2.00000000075984e+04,-2.41873470922531e-05
1.23026877081237e+03	2.00000000079566e+04,-2.47508003463493e-05
1.25892541179416e+03	2.00000000083316e+04,-2.53273822274991e-05
1.28824955169312e+03	2.00000000087243e+04,-2.59173988319186e-05
1.31825673855640e+03	2.00000000091354e+04,-2.65211634249082e-05
1.34896288259164e+03	2.00000000095660e+04,-2.71389965554048e-05
1.38038426460287e+03	2.00000000100169e+04,-2.77712263007410e-05
1.41253754462274e+03	2.00000000104890e+04,-2.84181883811806e-05
1.44543977074591e+03	2.00000000109833e+04,-2.90802263749978e-05
1.47910838816819e+03	2.00000000115010e+04,-2.97576918973187e-05
1.51356124843619e+03	2.00000000120430e+04,-3.04509447744250e-05
1.54881661891247e+03	2.00000000126106e+04,-3.11603532427722e-05
1.58489319246110e+03	2.00000000132050e+04,-3.18862941765706e-05
1.62181009735891e+03	2.00000000138273e+04,-3.26291532492300e-05
1.65958690743754e+03	2.00000000144790e+04,-3.33893251512501e-05
1.69824365246173e+03	2.00000000151614e+04,-3.41672138518359e-05
1.73780082874936e+03	2.00000000158760e+04,-3.49632327261892e-05
1.77827941003891e+03	2.00000000166242e+04,-3.57778048674033e-05
1.81970085860997e+03	2.00000000174077e+04,-3.66113632668306e-05
1.86208713666285e+03	2.00000000182281e+04,-3.74643510531659e-05
1.90546071796323e+03	2.00000000190872e+04,-3.83372217545016e-05
1.94984459975803e+03	2.00000000199868e+04,-3.92304395187598e-05
1.99526231496886e+03	2.00000000209288e+04,-4.01444793921121e-05
2.04173794466951e+03	2.00000000219151e+04,-4.10798275492198e-05
2.08929613085402e+03	2.00000000229480e+04,-4.20369815762961e-05
2.13796208950221e+03	2.00000000240295e+04,-4.30164507363292e-05
2.18776162394953e+03	2.00000000251620e+04,-4.40187562927669e-05
2.23872113856832e+03	2.00000000263479e+04,-4.50444316871403e-05
2.29086765276775e+03	2.00000000275897e+04,-4.60940229223121e-05
2.34422881531990e+03	2.00000000288900e+04,-4.71680888676462e-05
2.39883291901947e+03	2.00000000302515e+04,-4.82672015113044e-05
2.45470891568501e+03	2.00000000316772e+04,-4.93919462840174e-05
2.51188643150955e+03	2.00000000331702e+04,-5.05429224277809e-05
2.57039578276884e+03	2.00000000347335e+04,-5.17207433008725e-05
2.63026799189535e+03	2.00000000363704e+04,-5.29260366968278e-05
2.69153480392689e+03	2.00000000380845e+04,-5.41594451949257e-05
2.75422870333814e+03	2.00000000398794e+04,-5.54216265873310e-05
2.81838293126442e+03	2.00000000417589e+04,-5.67132541385571e-05
2.88403150312658e+03	2.00000000437270e+04,-5.80350170608896e-05
2.95120922666635e+03	2.00000000457878e+04,-5.93876208406293e-05
3.01995172040198e+03	2.00000000479457e+04,-6.07717876199699e-05
3.09029543251356e+03	2.00000000502054e+04,-6.21882567058945e-05
3.16227766016835e+03	2.00000000525715e+04,-6.36377848049068e-05
3.23593656929625e+03	2.00000000550491e+04,-6.51211466790415e-05
3.31131121482588e+03	2.00000000576435e+04,-6.66391354067504e-05
3.38844156139199e+03	2.00000000603602e+04,-6.81925629033546e-05
3.46736850452528e+03	2.00000000632049e+04,-6.97822603749187e-05
3.54813389233572e+03	2.00000000661837e+04,-7.14090788245404e-05
3.63078054770097e+03	2.00000000693029e+04,-7.30738895068346e-05
3.71535229097168e+03	2.00000000725691e+04,-7.47775844227713e-05
3.80189396320557e+03	2.00000000759891e+04,-7.65210768707895e-05
3.89045144994276e+03	2.00000000795704e+04,-7.83053019583727e-05
3.98107170553493e+03	2.00000000833205e+04,-8.01312172014431e-05
4.07380277804108e+03	2.00000000872473e+04,-8.19998029484560e-05
4.16869383470331e+03	2.00000000913592e+04,-8.39120631141682e-05
4.26579518801588e+03	2.00000000956648e+04,-8.58690257026647e-05
4.36515832240161e+03	2.00000001001734e+04,-8.78717434162752e-05
4.46683592150958e+03	2.00000001048944e+04,-8.99212943120942e-05
4.57088189614870e+03	2.00000001098380e+04,-9.20187824281753e-05
4.67735141287193e+03	2.00000001150145e+04,-9.41653384611947e-05
4.78630092322633e+03	2.00000001204350e+04,-9.63621204063341e-05
4.89778819368441e+03	2.00000001261109e+04,-9.86103144131927e-05
5.01187233627267e+03	2.00000001320544e+04,-1.00911135349066e-04
5.12861383991359e+03	2.00000001382779e+04,-1.03265827564495e-04
5.24807460249767e+03	2.00000001447948e+04,-1.05675665905882e-04
5.37031796370247e+03	2.00000001516188e+04,-1.08141956092961e-04
5.49540873857618e+03	2.00000001587644e+04,-1.10666035999617e-04
5.62341325190343e+03	2.00000001662467e+04,-1.13249276191044e-04
5.75439937337150e+03	2.00000001740817e+04,-1.15893080908066e-04
5.88843655355582e+03	2.00000001822860e+04,-1.18598889008976e-04
6.02559586074351e+03	2.00000001908769e+04,-1.21368174912043e-04
6.16595001861475e+03	2.00000001998726e+04,-1.24202449410098e-04
6.30957344480186e+03	2.00000002092924e+04,-1.27103260924886e-04
6.45654229034648e+03	2.00000002191560e+04,-1.30072196356139e-04
6.60693448007588e+03	2.00000002294846e+04,-1.33110882213076e-04
6.76082975391974e+03	2.00000002402998e+04,-1.36220985776138e-04
6.91830970918928e+03	2.00000002516249e+04,-1.39404216163908e-04
7.07945784384129e+03	2.00000002634836e+04,-1.42662325583337e-04
7.24435960074981e+03	2.00000002759012e+04,-1.45997110576115e-04
7.41310241300908e+03	2.00000002889040e+04,-1.49410413183440e-04
7.58577575029174e+03	2.00000003025197e+04,-1.52904122497184e-04
7.76247116628682e+03	2.00000003167770e+04,-1.56480175784622e-04
7.94328234724272e+03	2.00000003317063e+04,-1.60140560216252e-04
8.12830516164089e+03	2.00000003473391e+04,-1.63887313911174e-04
8.31763771102661e+03	2.00000003637087e+04,-1.67722528036660e-04
8.51138038202366e+03	2.00000003808498e+04,-1.71648347930920e-04
8.70963589956070e+03	2.00000003987987e+04,-1.75666975133348e-04
8.91250938133734e+03	2.00000004175935e+04,-1.79780668885879e-04
9.12010839355898e+03	2.00000004372741e+04,-1.83991748017618e-04
9.33254300796979e+03	2.00000004578822e+04,-1.88302592905562e-04
9.54992586021424e+03	2.00000004794615e+04,-1.92715647237864e-04
9.77237220955798e+03	2.00000005020578e+04,-1.97233420388047e-04
9.99999999999987e+03	2.00000005257191e+04,-2.01858489264259e-04
1.02329299228074e+04	2.00000005504955e+04,-2.06593500660315e-04
1.04712854805089e+04	2.00000005764395e+04,-2.11441173606941e-04
1.07151930523759e+04	2.00000006036063e+04,-2.16404301704318e-04
1.09647819614317e+04	2.00000006320533e+04,-2.21485755845142e-04
1.12201845430195e+04	2.00000006618411e+04,-2.26688486754254e-04
1.14815362149687e+04	2.00000006930327e+04,-2.32015527683716e-04
1.17489755493951e+04	2.00000007256943e+04,-2.37469997618146e-04
1.20226443461740e+04	2.00000007598951e+04,-2.43055104069543e-04
1.23026877081237e+04	2.00000007957079e+04,-2.48774146273407e-04
1.25892541179415e+04	2.00000008332084e+04,-2.54630518902844e-04
1.28824955169312e+04	2.00000008724762e+04,-2.60627715202882e-04
1.31825673855639e+04	2.00000009135947e+04,-2.66769330787797e-04
1.34896288259164e+04	2.00000009566510e+04,-2.73059067748102e-04
1.38038426460287e+04	2.00000010017365e+04,-2.79500738540432e-04
1.41253754462274e+04	2.00000010489469e+04,-2.86098270188741e-04
1.44543977074591e+04	2.00000010983821e+04,-2.92855709155526e-04
1.47910838816819e+04	2.00000011501472e+04,-2.99777225676925e-04
1.51356124843619e+04	2.00000012043518e+04,-3.06867119271739e-04
1.54881661891246e+04	2.00000012611110e+04,-3.14129823497068e-04
1.58489319246109e+04	2.00000013205452e+04,-3.21569911958784e-04
1.62181009735891e+04	2.00000013827804e+04,-3.29192103955953e-04
1.65958690743754e+04	2.00000014479487e+04,-3.37001270588080e-04
1.69824365246172e+04	2.00000015161882e+04,-3.45002441642718e-04
1.73780082874935e+04	2.00000015876438e+04,-3.53200812271115e-04
1.77827941003890e+04	2.00000016624669e+04,-3.61601750233217e-04
1.81970085860996e+04	2.00000017408163e+04,-3.70210803851195e-04
1.86208713666284e+04	2.00000018228581e+04,-3.79033709853348e-04
1.90546071796322e+04	2.00000019087664e+04,-3.88076402233494e-04
1.94984459975802e+04	2.00000019987235e+04,-3.97345021531056e-04
1.99526231496885e+04	2.00000020929200e+04,-4.06845924042972e-04
2.04173794466950e+04	2.00000021915559e+04,-4.16585692653255e-04
2.08929613085401e+04	2.00000022948402e+04,-4.26571147160029e-04
2.13796208950220e+04	2.00000024029922e+04,-4.36809356375257e-04
2.18776162394952e+04	2.00000025162411e+04,-4.47307649599699e-04
2.23872113856831e+04	2.00000026348273e+04,-4.58073630266432e-04
2.29086765276774e+04	2.00000027590021e+04,-4.69115189410908e-04
2.34422881531989e+04	2.00000028890291e+04,-4.80440520308449e-04
2.39883291901946e+04	2.00000030251840e+04,-4.92058133994289e-04
2.45470891568500e+04	2.00000031677556e+04,-5.03976875317890e-04
2.51188643150954e+04	2.00000033170463e+04,-5.16205941661151e-04
2.57039578276883e+04	2.00000034733727e+04,-5.28754899846300e-04
2.63026799189534e+04	2.00000036370665e+04,-5.41633707594480e-04
2.69153480392688e+04	2.00000038084748e+04,-5.54852733206800e-04
2.75422870333813e+04	2.00000039879612e+04,-5.68422778997043e-04
2.81838293126441e+04	2.00000041759064e+04,-5.82355104268217e-04
2.88403150312656e+04	2.00000043727090e+04,-5.96661451887330e-04
2.95120922666634e+04	2.00000045787864e+04,-6.11354073509306e-04
3.01995172040197e+04	2.00000047945758e+04,-6.26445760103486e-04
3.09029543251354e+04	2.00000050205348e+04,-6.41949871689251e-04
3.16227766016833e+04	2.00000052571426e+04,-6.57880370161138e-04
3.23593656929623e+04	2.00000055049013e+04,-6.74251854085887e-04
3.31131121482586e+04	2.00000057643361e+04,-6.91079595867456e-04
3.38844156139197e+04	2.00000060359974e+04,-7.08379581501164e-04
3.46736850452526e+04	2.00000063204614e+04,-7.26168552476253e-04
3.54813389233570e+04	2.00000066183314e+04,-7.44464050769866e-04
3.63078054770096e+04	2.00000069302391e+04,-7.63284467349563e-04
3.71535229097167e+04	2.00000072568462e+04,-7.82649092542138e-04
3.80189396320555e+04	2.00000075988453e+04,-8.02578171721608e-04
3.89045144994275e+04	2.00000079569618e+04,-8.23092962806586e-04
3.98107170553491e+04	2.00000083319552e+04,-8.44215799515963e-04
4.07380277804107e+04	2.00000087246208e+04,-8.65970157111074e-04
4.16869383470329e+04	2.00000091357916e+04,-8.88380723246219e-04
4.26579518801586e+04	2.00000095663394e+04,-9.11473475294469e-04
4.36515832240159e+04	2.00000100171774e+04,-9.35275759410807e-04
4.46683592150956e+04	2.00000104892619e+04,-9.59816379218843e-04
4.57088189614868e+04	2.00000109835940e+04,-9.85125686663968e-04
4.67735141287191e+04	2.00000115012222e+04,-1.01123568153547e-03
4.78630092322631e+04	2.00000120432441e+04,-1.03818011797984e-03
4.89778819368439e+04	2.00000126108095e+04,-1.06599461601636e-03
5.01187233627264e+04	2.00000132051219e+04,-1.09471678266112e-03
5.12861383991357e+04	2.00000138274417e+04,-1.12438634250351e-03
5.24807460249764e+04	2.00000144790888e+04,-1.15504527342870e-03
5.37031796370244e+04	2.00000151614451e+04,-1.18673795616139e-03
5.49540873857616e+04	2.00000158759578e+04,-1.21951133074671e-03
5.62341325190340e+04	2.00000166241421e+04,-1.25341506629366e-03
5.75439937337148e+04	2.00000174075846e+04,-1.28850174138213e-03
5.88843655355580e+04	2.00000182279468e+04,-1.32482703652210e-03
6.02559586074348e+04	2.00000190869685e+04,-1.36244994136287e-03
6.16595001861472e+04	2.00000199864711e+04,-1.40143297567093e-03
6.30957344480183e+04	2.00000209283624e+04,-1.44184242589504e-03
6.45654229034645e+04	2.00000219146395e+04,-1.48374859767219e-03
6.60693448007586e+04	2.00000229473939e+04,-1.52722608713420e-03
6.76082975391971e+04	2.00000240288157e+04,-1.57235407076489e-03
6.91830970918925e+04	2.00000251611979e+04,-1.61921661438188e-03
7.07945784384127e+04	2.00000263469417e+04,-1.66790300595412e-03
7.24435960074979e+04	2.00000275885615e+04,-1.71850811136831e-03
7.41310241300906e+04	2.00000288886900e+04,-1.77113275259974e-03
7.58577575029172e+04	2.00000302500838e+04,-1.82588411751622e-03
7.76247116628679e+04	2.00000316756296e+04,-1.88287619179309e-03
7.94328234724269e+04	2.00000331683499e+04,-1.94223022846330e-03
8.12830516164086e+04	2.00000347314098e+04,-2.00407524635596e-03
8.31763771102658e+04	2.00000363681231e+04,-2.06854856241856e-03
8.51138038202363e+04	2.00000380819600e+04,-2.13579636854892e-03
8.70963589956067e+04	2.00000398765541e+04,-2.20597433880532e-03
8.91250938133731e+04	2.00000417557098e+04,-2.27924828985316e-03
9.12010839355895e+04	2.00000437234112e+04,-2.35579488162721e-03
9.33254300796976e+04	2.00000457838297e+04,-2.43580236887051e-03
9.54992586021420e+04	2.00000479413331e+04,-2.51947140747344e-03
9.77237220955795e+04	2.00000502004949e+04,-2.60701591998385e-03
9.99999999999984e+04	2.00000525661043e+04,-2.69866401395295e-03
1.02329299228074e+05	2.00000550431755e+04,-2.79465897502835e-03
1.04712854805088e+05	2.00000576369591e+04,-2.89526032575728e-03
1.07151930523759e+05	2.00000603529529e+04,-3.00074496116420e-03
1.09647819614317e+05	2.00000631969133e+04,-3.11140836348256e-03
1.12201845430195e+05	2.00000661748681e+04,-3.22756590452914e-03
1.14815362149686e+05	2.00000692931285e+04,-3.34955424028801e-03
1.17489755493951e+05	2.00000725583028e+04,-3.47773280487423e-03
1.20226443461739e+05	2.00000759773107e+04,-3.61248540901727e-03
1.23026877081236e+05	2.00000795573972e+04,-3.75422195801932e-03
1.25892541179415e+05	2.00000833061484e+04,-3.90338028423898e-03
1.28824955169311e+05	2.00000872315075e+04,-4.06042811512576e-03
1.31825673855639e+05	2.00000913417915e+04,-4.22586517968419e-03
1.34896288259163e+05	2.00000956457086e+04,-4.40022546726598e-03
1.38038426460286e+05	2.00001001523767e+04,-4.58407964540793e-03
1.41253754462273e+05	2.00001048713429e+04,-4.77803764888101e-03
1.44543977074590e+05	2.00001098126033e+04,-4.98275145861078e-03
1.47910838816818e+05	2.00001149866240e+04,-5.19891806978535e-03
1.51356124843618e+05	2.00001204043638e+04,-5.42728268293373e-03
1.54881661891246e+05	2.00001260772965e+04,-5.66864211608082e-03
1.58489319246109e+05	2.00001320174355e+04,-5.92384846029232e-03
1.62181009735890e+05	2.00001382373593e+04,-6.19381299749838e-03
1.65958690743753e+05	2.00001447502375e+04,-6.47951040212171e-03
1.69824365246172e+05	2.00001515698589e+04,-6.78198323703293e-03
1.73780082874935e+05	2.00001587106604e+04,-7.10234677260670e-03
1.77827941003889e+05	2.00001661877575e+04,-7.44179415226268e-03
1.81970085860995e+05	2.00001740169756e+04,-7.80160192575497e-03
1.86208713666284e+05	2.00001822148840e+04,-8.18313597966007e-03
1.90546071796322e+05	2.00001907988303e+04,-8.58785788896706e-03
1.94984459975801e+05	2.00001997869765e+04,-9.01733172832595e-03
1.99526231496885e+05	2.00002091983380e+04,-9.47323136051939e-03
2.04173794466949e+05	2.00002190528227e+04,-9.95734826063977e-03
2.08929613085400e+05	2.00002293712730e+04,-1.04715998888044e-02
2.13796208950220e+05	2.00002401755096e+04,-1.10180386656574e-02
2.18776162394952e+05	2.00002514883770e+04,-1.15988615939744e-02
2.23872113856830e+05	2.00002633337916e+04,-1.22164205613546e-02
2.29086765276773e+05	2.00002757367912e+04,-1.28732333900791e-02
2.34422881531988e+05	2.00002887235878e+04,-1.35719956650913e-02
2.39883291901945e+05	2.00003023216223e+04,-1.43155934234084e-02
2.45470891568499e+05	2.00003165596212e+04,-1.51071167394144e-02
2.51188643150954e+05	2.00003314676574e+04,-1.59498742950236e-02
2.57039578276882e+05	2.00003470772120e+04,-1.68474089759392e-02
2.63026799189534e+05	2.00003634212402e+04,-1.78035146028846e-02
2.69153480392687e+05	2.00003805342398e+04,-1.88222538441481e-02
2.75422870333812e+05	2.00003984523226e+04,-1.99079774266013e-02
2.81838293126440e+05	2.00004172132897e+04,-2.10653447012733e-02
2.88403150312656e+05	2.00004368567093e+04,-2.22993456963835e-02
2.95120922666633e+05	2.00004574239991e+04,-2.36153247417180e-02
3.01995172040196e+05	2.00004789585114e+04,-2.50190057830511e-02
3.09029543251354e+05	2.00005015056229e+04,-2.65165195046142e-02
3.16227766016832e+05	2.00005251128280e+04,-2.81144323868969e-02
3.23593656929623e+05	2.00005498298365e+04,-2.98197778513836e-02
3.31131121482585e+05	2.00005757086759e+04,-3.16400896166984e-02
3.38844156139197e+05	2.00006028037979e+04,-3.35834374404055e-02
3.46736850452526e+05	2.00006311721896e+04,-3.56584654090117e-02
3.54813389233569e+05	2.00006608734907e+04,-3.78744329702618e-02
3.63078054770095e+05	2.00006919701141e+04,-4.02412588614811e-02
3.71535229097166e+05	2.00007245273735e+04,-4.27695681939348e-02
3.80189396320555e+05	2.00007586136158e+04,-4.54707428757147e-02
3.89045144994274e+05	2.00007943003595e+04,-4.83569756262634e-02
3.98107170553490e+05	2.00008316624388e+04,-5.14413278042599e-02
4.07380277804106e+05	2.00008707781552e+04,-5.47377913858674e-02
4.16869383470328e+05	2.00009117294339e+04,-5.82613552896031e-02
4.26579518801585e+05	2.00009546019884e+04,-6.20280764417994e-02
4.36515832240158e+05	2.00009994854916e+04,-6.60551558359491e-02
4.46683592150955e+05	2.00010464737541e+04,-7.03610200019197e-02
4.57088189614867e+05	2.00010956649106e+04,-7.49654082076416e-02
4.67735141287190e+05	2.00011471616134e+04,-7.98894658105960e-02
4.78630092322630e+05	2.00012010712352e+04,-8.51558441929900e-02
4.89778819368438e+05	2.00012575060790e+04,-9.07888077293841e-02
5.01187233627263e+05	2.00013165835977e+04,-9.68143482549938e-02
5.12861383991356e+05	2.00013784266227e+04,-1.03260307561355e-01
5.24807460249763e+05	2.00014431636012e+04,-1.10156508488142e-01
5.37031796370243e+05	2.00015109288439e+04,-1.17534895161139e-01
5.49540873857615e+05	2.00015818627821e+04,-1.25429683015760e-01
5.62341325190339e+05	2.00016561122353e+04,-1.33877519281248e-01
5.75439937337147e+05	2.00017338306896e+04,-1.42917654634675e-01
5.88843655355579e+05	2.00018151785865e+04,-1.52592126727205e-01
6.02559586074347e+05	2.00019003236232e+04,-1.62945956475463e-01
6.16595001861471e+05	2.00019894410643e+04,-1.74027357881625e-01
6.30957344480182e+05	2.00020827140652e+04,-1.85887962347023e-01
6.45654229034644e+05	2.00021803340078e+04,-1.98583058424838e-01
6.60693448007584e+05	2.00022825008482e+04,-2.12171848029686e-01
6.76082975391970e+05	2.00023894234774e+04,-2.26717720215392e-01
6.91830970918924e+05	2.00025013200941e+04,-2.42288543651505e-01
7.07945784384125e+05	2.00026184185914e+04,-2.58956979070126e-01
7.24435960074977e+05	2.00027409569565e+04,-2.76800812939542e-01
7.41310241300904e+05	2.00028691836830e+04,-2.95903313797040e-01
7.58577575029170e+05	2.00030033581984e+04,-3.16353612669674e-01
7.76247116628678e+05	2.00031437513035e+04,-3.38247109175649e-01
7.94328234724267e+05	2.00032906456266e+04,-3.61685904948093e-01
8.12830516164085e+05	2.00034443360912e+04,-3.86779266115463e-01
8.31763771102656e+05	2.00036051303970e+04,-4.13644116721525e-01
8.51138038202361e+05	2.00037733495152e+04,-4.42405564991205e-01
8.70963589956065e+05	2.00039493281960e+04,-4.73197464598205e-01
8.91250938133729e+05	2.00041334154905e+04,-5.06163013026872e-01
9.12010839355893e+05	2.00043259752841e+04,-5.41455389387711e-01
9.33254300796974e+05	2.00045273868432e+04,-5.79238434129939e-01
9.54992586021419e+05	2.00047380453727e+04,-6.19687373181367e-01
9.77237220955793e+05	2.00049583625851e+04,-6.62989589216907e-01
9.99999999999982e+05	2.00051887672792e+04,-7.09345442923332e-01
1.02329299228074e+06	2.00054297059280e+04,-7.58969147187426e-01
1.04712854805088e+06	2.00056816432746e+04,-8.12089697363263e-01
1.07151930523759e+06	2.00059450629345e+04,-8.68951860863642e-01
1.09647819614316e+06	2.00062204680027e+04,-9.29817229495385e-01
1.12201845430194e+06	2.00065083816635e+04,-9.94965338092496e-01
1.14815362149686e+06	2.00068093478018e+04,-1.06469485314679e+00
1.17489755493951e+06	2.00071239316124e+04,-1.13932483531847e+00
1.20226443461739e+06	2.00074527202050e+04,-1.21919607976454e+00
1.23026877081236e+06	2.00077963232020e+04,-1.30467253846478e+00
1.25892541179414e+06	2.00081553733259e+04,-1.39614282878011e+00
1.28824955169311e+06	2.00085305269709e+04,-1.49402183262217e+00
1.31825673855638e+06	2.00089224647573e+04,-1.59875239072252e+00
1.34896288259163e+06	2.00093318920601e+04,-1.71080709658926e+00
1.38038426460286e+06	2.00097595395104e+04,-1.83069019480657e+00
1.41253754462273e+06	2.00102061634608e+04,-1.95893958836579e+00
1.44543977074590e+06	2.00106725464093e+04,-2.09612895978695e+00
1.47910838816818e+06	2.00111594973751e+04,-2.24287001075782e+00
1.51356124843618e+06	2.00116678522177e+04,-2.39981482497024e+00
1.54881661891245e+06	2.00121984738908e+04,-2.56765835876982e+00
1.58489319246108e+06	2.00127522526215e+04,-2.74714106409426e+00
1.62181009735890e+06	2.00133301060048e+04,-2.93905164799006e+00
1.65958690743753e+06	2.00139329790023e+04,-3.14422997272591e+00
1.69824365246171e+06	2.00145618438316e+04,-3.36357010021864e+00
1.73780082874934e+06	2.00152176997352e+04,-3.59802348406637e+00
1.77827941003889e+06	2.00159015726126e+04,-3.84860231198082e+00
1.81970085860995e+06	2.00166145145018e+04,-4.11638300075933e+00
1.86208713666283e+06	2.00173576028919e+04,-4.40250984529114e+00
1.90546071796321e+06	2.00181319398503e+04,-4.70819882213493e+00
1.94984459975801e+06	2.00189386509446e+04,-5.03474154722809e+00
1.99526231496884e+06	2.00197788839388e+04,-5.38350938615467e+00
2.04173794466949e+06	2.00206538072420e+04,-5.75595771392190e+00
2.08929613085400e+06	2.00215646080866e+04,-6.15363031981735e+00
2.13796208950219e+06	2.00225124904112e+04,-6.57816395091182e+00
2.18776162394951e+06	2.00234986724226e+04,-7.03129298599022e+00
2.23872113856830e+06	2.00245243838096e+04,-7.51485422927386e+00
2.29086765276773e+06	2.00255908625804e+04,-8.03079181080538e+00
2.34422881531988e+06	2.00266993514939e+04,-8.58116217750446e+00
2.39883291901944e+06	2.00278510940547e+04,-9.16813915580984e+00
2.45470891568498e+06	2.00290473300400e+04,-9.79401906321606e+00
2.51188643150953e+06	2.00302892905270e+04,-1.04612258423256e+01
2.57039578276881e+06	2.00315781923881e+04,-1.11723161866911e+01
2.63026799189533e+06	2.00329152322211e+04,-1.19299846232346e+01
2.69153480392686e+06	2.00343015796832e+04,-1.27370685110997e+01
2.75422870333811e+06	2.00357383701959e+04,-1.35965529113411e+01
2.81838293126440e+06	2.00372266969926e+04,-1.45115752762989e+01
2.88403150312655e+06	2.00387676024786e+04,-1.54854299013568e+01
2.95120922666633e+06	2.00403620688786e+04,-1.65215720753821e+01
3.01995172040196e+06	2.00420110081500e+04,-1.76236218595424e+01
3.09029543251353e+06	2.00437152511424e+04,-1.87953674171910e+01
3.16227766016832e+06	2.00454755359902e+04,-2.00407678104516e+01
3.23593656929622e+06	2.00472924957338e+04,-2.13639551719646e+01
3.31131121482585e+06	2.00491666451665e+04,-2.27692361530983e+01
3.38844156139196e+06	2.00510983669207e+04,-2.42610925429360e+01
3.46736850452525e+06	2.00530878968093e+04,-2.58441809457126e+01
3.54813389233568e+06	2.00551353084574e+04,-2.75233313981592e+01
3.63078054770094e+06	2.00572404972663e+04,-2.93035448028783e+01
3.71535229097165e+06	2.00594031637714e+04,-3.11899890493256e+01
3.80189396320554e+06	2.00616227964703e+04,-3.31879936908389e+01
3.89045144994273e+06	2.00638986542148e+04,-3.53030430445338e+01
3.98107170553489e+06	2.00662297482826e+04,-3.75407675811518e+01
4.07380277804105e+06	2.00686148242647e+04,-3.99069334745568e+01
4.16869383470327e+06	2.00710523439270e+04,-4.24074301857976e+01
4.26579518801584e+06	2.00735404672287e+04,-4.50482559650233e+01
4.36515832240157e+06	2.00760770347062e+04,-4.78355011663100e+01
4.46683592150954e+06	2.00786595504542e+04,-5.07753292862080e+01
4.57088189614866e+06	2.00812851659620e+04,-5.38739556567442e+01
4.67735141287189e+06	2.00839506650874e+04,-5.71376237482542e+01
4.78630092322629e+06	2.00866524504736e+04,-6.05725790667841e+01
4.89778819368436e+06	2.00893865317342e+04,-6.41850406654031e+01
5.01187233627262e+06	2.00921485157515e+04,-6.79811703283772e+01
5.12861383991355e+06	2.00949335994440e+04,-7.19670395318985e+01
5.24807460249762e+06	2.00977365653705e+04,-7.61485943346071e+01
5.37031796370242e+06	2.01005517805380e+04,-8.05316184051917e+01
5.49540873857613e+06	2.01033731987759e+04,-8.51216944520057e+01
5.62341325190338e+06	2.01061943670281e+04,-8.99241643802640e+01
5.75439937337145e+06	2.01090084358862e+04,-9.49440885646818e+01
5.88843655355577e+06	2.01118081746586e+04,-1.00186204687931e+02
6.02559586074345e+06	2.01145859912229e+04,-1.05654886656523e+02
6.16595001861470e+06	2.01173339568518e+04,-1.11354104163480e+02
6.30957344480180e+06	2.01200438361389e+04,-1.17287383519591e+02
6.45654229034642e+06	2.01227071220659e+04,-1.23457770419702e+02
6.60693448007582e+06	2.01253150761676e+04,-1.29867795344948e+02
6.76082975391968e+06	2.01278587736476e+04,-1.36519442324035e+02
6.91830970918922e+06	2.01303291531943e+04,-1.43414121783900e+02
7.07945784384123e+06	2.01327170711285e+04,-1.50552648210713e+02
7.24435960074975e+06	2.01350133594044e+04,-1.57935223314251e+02
7.41310241300902e+06	2.01372088868656e+04,-1.65561425341068e+02
7.58577575029168e+06	2.01392946230485e+04,-1.73430205113882e+02
7.76247116628676e+06	2.01412617037225e+04,-1.81539889286358e+02
7.94328234724265e+06	2.01431014972625e+04,-1.89888191194631e+02
8.12830516164082e+06	2.01448056708762e+04,-1.98472229561360e+02
8.31763771102654e+06	2.01463662556500e+04,-2.07288555167043e+02
8.51138038202359e+06	2.01477757093432e+04,-2.16333185450361e+02
8.70963589956062e+06	2.01490269758531e+04,-2.25601646838171e+02
8.91250938133727e+06	2.01501135402904e+04,-2.35089024441336e+02
9.12010839355890e+06	2.01510294786528e+04,-2.44790018589758e+02
9.33254300796971e+06	2.01517695011556e+04,-2.54699007524110e+02
9.54992586021416e+06	2.01523289883830e+04,-2.64810115418162e+02
9.77237220955790e+06	2.01527040195472e+04,-2.75117284779277e+02
9.99999999999979e+06	2.01528913922889e+04,-2.85614352170080e+02
1.02329299228073e+07	2.01528886336161e+04,-2.96295126115441e+02
1.04712854805088e+07	2.01526940017535e+04,-3.07153466008390e+02
1.07151930523758e+07	2.01523064788554e+04,-3.18183360808453e+02
1.09647819614316e+07	2.01517257547170e+04,-3.29379006336570e+02
1.12201845430194e+07	2.01509522017940e+04,-3.40734880011841e+02
1.14815362149686e+07	2.01499868420088e+04,-3.52245811944935e+02
1.17489755493950e+07	2.01488313059667e+04,-3.63907051398461e+02
1.20226443461739e+07	2.01474877853400e+04,-3.75714327742129e+02
1.23026877081236e+07	2.01459589792802e+04,-3.87663905165702e+02
1.25892541179414e+07	2.01442480358006e+04,-3.99752630560770e+02
1.28824955169311e+07	2.01423584891259e+04,-4.11977974137930e+02
1.31825673855638e+07	2.01402941940283e+04,-4.24338062504110e+02
1.34896288259162e+07	2.01380592581749e+04,-4.36831704080346e+02
1.38038426460286e+07	2.01356579734800e+04,-4.49458406889090e+02
1.41253754462272e+07	2.01330947474144e+04,-4.62218388877949e+02
1.44543977074590e+07	2.01303740351548e+04,-4.75112581070484e+02
1.47910838816818e+07	2.01275002733746e+04,-4.88142623941978e+02
1.51356124843618e+07	2.01244778163865e+04,-5.01310857507100e+02
1.54881661891245e+07	2.01213108752407e+04,-5.14620305676430e+02
1.58489319246108e+07	2.01180034602815e+04,-5.28074655489663e+02
1.62181009735889e+07	2.01145593275533e+04,-5.41678231865480e+02
1.65958690743752e+07	2.01109819293426e+04,-5.55435968522751e+02
1.69824365246171e+07	2.01072743690440e+04,-5.69353375726277e+02
1.73780082874934e+07	2.01034393604382e+04,-5.83436505494684e+02
1.77827941003888e+07	2.00994791913897e+04,-5.97691914880301e+02
1.81970085860994e+07	2.00953956918920e+04,-6.12126627893103e+02
1.86208713666283e+07	2.00911902063214e+04,-6.26748096595219e+02
1.90546071796321e+07	2.00868635697082e+04,-6.41564161841268e+02
1.94984459975800e+07	2.00824160877854e+04,-6.56583014084738e+02
1.99526231496884e+07	2.00778475205418e+04,-6.71813154613685e+02
2.04173794466948e+07	2.00731570689823e+04,-6.87263357521692e+02
2.08929613085399e+07	2.00683433647811e+04,-7.02942632663666e+02
2.13796208950219e+07	2.00634044625045e+04,-7.18860189791793e+02
2.18776162394950e+07	2.00583378340816e+04,-7.35025404015594e+02
2.23872113856829e+07	2.00531403652051e+04,-7.51447782682368e+02
2.29086765276772e+07	2.00478083533542e+04,-7.68136933730596e+02
2.34422881531987e+07	2.00423375071477e+04,-7.85102535529555e+02
2.39883291901944e+07	2.00367229467523e+04,-8.02354308183537e+02
2.45470891568498e+07	2.00309592050930e+04,-8.19901986248580e+02
2.51188643150952e+07	2.00250402296318e+04,-8.37755292783486e+02
2.57039578276881e+07	2.00189593845091e+04,-8.55923914634914e+02
2.63026799189532e+07	2.00127094528606e+04,-8.74417478838164e+02
2.69153480392686e+07	2.00062826391517e+04,-8.93245530000636e+02
2.75422870333811e+07	1.99996705713926e+04,-9.12417508523657e+02
2.81838293126439e+07	1.99928643031203e+04,-9.31942729509844e+02
2.88403150312654e+07	1.99858543150593e+04,-9.51830362197320e+02
2.95120922666632e+07	1.99786305163910e+04,-9.72089409758468e+02
3.01995172040195e+07	1.99711822455862e+04,-9.92728689299200e+02
3.09029543251352e+07	1.99634982707718e+04,-1.01375681189477e+03
3.16227766016831e+07	1.99555667896236e+04,-1.03518216249945e+03
3.23593656929621e+07	1.99473754287947e+04,-1.05701287957024e+03
3.31131121482584e+07	1.99389112429049e+04,-1.07925683424804e+03
3.38844156139195e+07	1.99301607131336e+04,-1.10192160894466e+03
3.46736850452524e+07	1.99211097454726e+04,-1.12501447518883e+03
3.54813389233568e+07	1.99117436687115e+04,-1.14854237059039e+03
3.63078054770093e+07	1.99020472322395e+04,-1.17251187478832e+03
3.71535229097164e+07	1.98920046037641e+04,-1.19692918425483e+03
3.80189396320553e+07	1.98815993670562e+04,-1.22180008583547e+03
3.89045144994272e+07	1.98708145198472e+04,-1.24712992891276e+03
3.98107170553488e+07	1.98596324720131e+04,-1.27292359608940e+03
4.07380277804104e+07	1.98480350441941e+04,-1.29918547229589e+03
4.16869383470326e+07	1.98360034670099e+04,-1.32591941223693e+03
4.26579518801583e+07	1.98235183810419e+04,-1.35312870610121e+03
4.36515832240156e+07	1.98105598377654e+04,-1.38081604347002e+03
4.46683592150953e+07	1.97971073016272e+04,-1.40898347537200e+03
4.57088189614865e+07	1.97831396534737e+04,-1.43763237444407e+03
4.67735141287188e+07	1.97686351955480e+04,-1.46676339317243e+03
4.78630092322628e+07	1.97535716582835e+04,-1.49637642020245e+03
4.89778819368435e+07	1.97379262091340e+04,-1.52647053472284e+03
5.01187233627261e+07	1.97216754636890e+04,-1.55704395894699e+03
5.12861383991353e+07	1.97047954993358e+04,-1.58809400873382e+03
5.24807460249761e+07	1.96872618717348e+04,-1.61961704241171e+03
5.37031796370241e+07	1.96690496343881e+04,-1.65160840789130e+03
5.49540873857612e+07	1.96501333615846e+04,-1.68406238817835e+03
5.62341325190336e+07	1.96304871750141e+04,-1.71697214542377e+03
5.75439937337144e+07	1.96100847743452e+04,-1.75032966367711e+03
5.88843655355576e+07	1.95888994720673e+04,-1.78412569054013e+03
6.02559586074344e+07	1.95669042328955e+04,-1.81834967795001e+03
6.16595001861468e+07	1.95440717180362e+04,-1.85298972235657e+03
6.30957344480179e+07	1.95203743346082e+04,-1.88803250459455e+03
6.45654229034641e+07	1.94957842905037e+04,-1.92346322979075e+03
6.60693448007581e+07	1.94702736549641e+04,-1.95926556768603e+03
6.76082975391967e+07	1.94438144251298e+04,-1.99542159379432e+03
6.91830970918921e+07	1.94163785988021e+04,-2.03191173186335e+03
7.07945784384122e+07	1.93879382536312e+04,-2.06871469814613e+03
7.24435960074974e+07	1.93584656329147e+04,-2.10580744803622e+03
7.41310241300901e+07	1.93279332381527e+04,-2.14316512566404e+03
7.58577575029167e+07	1.92963139284650e+04,-2.18076101709509e+03
7.76247116628674e+07	1.92635810269266e+04,-2.21856650781270e+03
7.94328234724264e+07	1.92297084338222e+04,-2.25655104520810e+03
8.12830516164081e+07	1.91946707467566e+04,-2.29468210683726e+03
8.31763771102652e+07	1.91584433874895e+04,-2.33292517523675e+03
8.51138038202357e+07	1.91210027352850e+04,-2.37124372011875e+03
8.70963589956061e+07	1.90823262664836e+04,-2.40959918878663e+03
8.91250938133725e+07	1.90423926999108e+04,-2.44795100562713e+03
9.12010839355889e+07	1.90011821476416e+04,-2.48625658154045e+03
9.33254300796970e+07	1.89586762705376e+04,-2.52447133416559e+03
9.54992586021414e+07	1.89148584378616e+04,-2.56254871974293e+03
9.77237220955788e+07	1.88697138901677e+04,-2.60044027742851e+03
9.99999999999977e+07	1.88232299045469e+04,-2.63809568683352e+03
1.02329299228073e+08	1.87753959611927e+04,-2.67546283950666e+03
1.04712854805088e+08	1.87262039101384e+04,-2.71248792500634e+03
1.07151930523758e+08	1.86756481369021e+04,-2.74911553212218e+03
1.09647819614316e+08	1.86237257256683e+04,-2.78528876570127e+03
1.12201845430194e+08	1.85704366185352e+04,-2.82094937941383e+03
1.14815362149686e+08	1.85157837692633e+04,-2.85603792465455e+03
1.17489755493950e+08	1.84597732898816e+04,-2.89049391562174e+03
1.20226443461738e+08	1.84024145884454e+04,-2.92425601044624e+03
1.23026877081235e+08	1.83437204961886e+04,-2.95726220805694e+03
1.25892541179414e+08	1.82837073822901e+04,-2.98945006027314e+03
1.28824955169310e+08	1.82223952544690e+04,-3.02075689840532e+03
1.31825673855638e+08	1.81598078436426e+04,-3.05112007343076e+03
1.34896288259162e+08	1.80959726709317e+04,-3.08047720858939e+03
1.38038426460285e+08	1.80309210953738e+04,-3.10876646302370e+03
1.41253754462272e+08	1.79646883408111e+04,-3.13592680486742e+03
1.44543977074589e+08	1.78973135005580e+04,-3.16189829197549e+03
1.47910838816817e+08	1.78288395186223e+04,-3.18662235828713e+03
1.51356124843617e+08	1.77593131464489e+04,-3.21004210362904e+03
1.54881661891244e+08	1.76887848743830e+04,-3.23210258460192e+03
1.58489319246108e+08	1.76173088373025e+04,-3.25275110405458e+03
1.62181009735889e+08	1.75449426941413e+04,-3.27193749654067e+03
1.65958690743752e+08	1.74717474813237e+04,-3.28961440707743e+03
1.69824365246170e+08	1.73977874404366e+04,-3.30573756048670e+03
1.73780082874933e+08	1.73231298207858e+04,-3.32026601859947e+03
1.77827941003888e+08	1.72478446578074e+04,-3.33316242264752e+03
1.81970085860994e+08	1.71720045286253e+04,-3.34439321825115e+03
1.86208713666282e+08	1.70956842863600e+04,-3.35392886053995e+03
1.90546071796320e+08	1.70189607750924e+04,-3.36174399711451e+03
1.94984459975800e+08	1.69419125276650e+04,-3.36781762676736e+03
1.99526231496883e+08	1.68646194487545e+04,-3.37213323213019e+03
2.04173794466948e+08	1.67871624858685e+04,-3.37467888469610e+03
2.08929613085399e+08	1.67096232911011e+04,-3.37544732097679e+03
2.13796208950218e+08	1.66320838766247e+04,-3.37443598888895e+03
2.18776162394950e+08	1.65546262669877e+04,-3.37164706381586e+03
2.23872113856829e+08	1.64773321513417e+04,-3.36708743415237e+03
2.29086765276772e+08	1.64002825387186e+04,-3.36076865650762e+03
2.34422881531987e+08	1.63235574194343e+04,-3.35270688110236e+03
2.39883291901943e+08	1.62472354356004e+04,-3.34292274825037e+03
2.45470891568497e+08	1.61713935635868e+04,-3.33144125714846e+03
2.51188643150952e+08	1.60961068110985e+04,-3.31829160851238e+03
2.57039578276880e+08	1.60214479313125e+04,-3.30350702287913e+03
2.63026799189532e+08	1.59474871562696e+04,-3.28712453664642e+03
2.69153480392685e+08	1.58742919514396e+04,-3.26918477813319e+03
2.75422870333810e+08	1.58019267930804e+04,-3.24973172611697e+03
2.81838293126438e+08	1.57304529696989e+04,-3.22881245343512e+03
2.88403150312654e+08	1.56599284085981e+04,-3.20647685832375e+03
2.95120922666631e+08	1.55904075281761e+04,-3.18277738621320e+03
3.01995172040194e+08	1.55219411163170e+04,-3.15776874470154e+03
3.09029543251351e+08	1.54545762349093e+04,-3.13150761439070e+03
3.16227766016830e+08	1.53883561502296e+04,-3.10405235819589e+03
3.23593656929620e+08	1.53233202886514e+04,-3.07546273163132e+03
3.31131121482583e+08	1.52595042168901e+04,-3.04579959643789e+03
3.38844156139194e+08	1.51969396457625e+04,-3.01512463975572e+03
3.46736850452523e+08	1.51356544562451e+04,-2.98350010086065e+03
3.54813389233567e+08	1.50756727464411e+04,-2.95098850728391e+03
3.63078054770092e+08	1.50170148979312e+04,-2.91765242192256e+03
3.71535229097163e+08	1.49596976598720e+04,-2.88355420252932e+03
3.80189396320552e+08	1.49037342491291e+04,-2.84875577474906e+03
3.89045144994271e+08	1.48491344646807e+04,-2.81331841964830e+03
3.98107170553487e+08	1.47959048145064e+04,-2.77730257646817e+03
4.07380277804103e+08	1.47440486531786e+04,-2.74076766112303e+03
4.16869383470325e+08	1.46935663283978e+04,-2.70377190076895e+03
4.26579518801582e+08	1.46444553347615e+04,-2.66637218458129e+03
4.36515832240155e+08	1.45967104731192e+04,-2.62862393070950e+03
4.46683592150952e+08	1.45503240139433e+04,-2.59058096922221e+03
4.57088189614864e+08	1.45052858632388e+04,-2.55229544071696e+03
4.67735141287186e+08	1.44615837296143e+04,-2.51381771014704e+03
4.78630092322626e+08	1.44192032912438e+04,-2.47519629531334e+03
4.89778819368434e+08	1.43781283615631e+04,-2.43647780938086e+03
5.01187233627260e+08	1.43383410526563e+04,-2.39770691670800e+03
5.12861383991352e+08	1.42998219354080e+04,-2.35892630122038e+03
5.24807460249759e+08	1.42625501956066e+04,-2.32017664651945e+03
5.37031796370239e+08	1.42265037852988e+04,-2.28149662688775e+03
5.49540873857610e+08	1.41916595688033e+04,-2.24292290833733e+03
5.62341325190335e+08	1.41579934628917e+04,-2.20449015884272e+03
5.75439937337142e+08	1.41254805707466e+04,-2.16623106690556e+03
5.88843655355574e+08	1.40940953093934e+04,-2.12817636761147e+03
6.02559586074342e+08	1.40638115303880e+04,-2.09035487536121e+03
6.16595001861466e+08	1.40346026336214e+04,-2.05279352248568e+03
6.30957344480177e+08	1.40064416741672e+04,-2.01551740298670e+03
6.45654229034639e+08	1.39793014621670e+04,-1.97854982068230e+03
6.60693448007579e+08	1.39531546557973e+04,-1.94191234107475e+03
6.76082975391964e+08	1.39279738474159e+04,-1.90562484630159e+03
6.91830970918918e+08	1.39037316430241e+04,-1.86970559257301e+03
7.07945784384120e+08	1.38804007352186e+04,-1.83417126954299e+03
7.24435960074971e+08	1.38579539698367e+04,-1.79903706110564e+03
7.41310241300898e+08	1.38363644065209e+04,-1.76431670715166e+03
7.58577575029164e+08	1.38156053734528e+04,-1.73002256586268e+03
7.76247116628671e+08	1.37956505165154e+04,-1.69616567616262e+03
7.94328234724261e+08	1.37764738431592e+04,-1.66275581998503e+03
8.12830516164078e+08	1.37580497612497e+04,-1.62980158405359e+03
8.31763771102649e+08	1.37403531131811e+04,-1.59731042090894e+03
8.51138038202354e+08	1.37233592055408e+04,-1.56528870894909e+03
8.70963589956058e+08	1.37070438346052e+04,-1.53374181128260e+03
8.91250938133722e+08	1.36913833079489e+04,-1.50267413322311e+03
9.12010839355886e+08	1.36763544624369e+04,-1.47208917828157e+03
9.33254300796966e+08	1.36619346788687e+04,-1.44198960253738e+03
9.54992586021411e+08	1.36481018935299e+04,-1.41237726729297e+03
9.77237220955785e+08	1.36348346068998e+04,-1.38325328993724e+03
9.99999999999973e+08	1.36221118897532e+04,-1.35461809296222e+03
1.02329299228073e+09	1.36099133868836e+04,-1.32647145109440e+03
1.04712854805087e+09	1.35982193186629e+04,-1.29881253651746e+03
1.07151930523758e+09	1.35870104806430e+04,-1.27163996217652e+03
1.09647819614316e+09	1.35762682413919e+04,-1.24495182316615e+03
1.12201845430193e+09	1.35659745387463e+04,-1.21874573621464e+03
1.14815362149685e+09	1.35561118746511e+04,-1.19301887728615e+03
1.17489755493950e+09	1.35466633087444e+04,-1.16776801733021e+03
1.20226443461738e+09	1.35376124508366e+04,-1.14298955621450e+03
1.23026877081235e+09	1.35289434524224e+04,-1.11867955488253e+03
1.25892541179413e+09	1.35206409973518e+04,-1.09483376578242e+03
1.28824955169310e+09	1.35126902917791e+04,-1.07144766161659e+03
1.31825673855637e+09	1.35050770534982e+04,-1.04851646246511e+03
1.34896288259162e+09	1.34977875007640e+04,-1.02603516133787e+03
1.38038426460285e+09	1.34908083406913e+04,-1.00399854821214e+03
1.41253754462272e+09	1.34841267573149e+04,-9.82401232613132e+02
1.44543977074589e+09	1.34777303993858e+04,-9.61237664795926e+02
1.47910838816817e+09	1.34716073679737e+04,-9.40502155587029e+02
1.51356124843617e+09	1.34657462039374e+04,-9.20188894943833e+02
1.54881661891244e+09	1.34601358753193e+04,-9.00291969289481e+02
1.58489319246107e+09	1.34547657647147e+04,-8.80805377679964e+02
1.62181009735889e+09	1.34496256566606e+04,-8.61723046859248e+02
1.65958690743751e+09	1.34447057250848e+04,-8.43038845256807e+02
1.69824365246170e+09	1.34399965208509e+04,-8.24746595980795e+02
1.73780082874933e+09	1.34354889594292e+04,-8.06840088858361e+02
1.77827941003887e+09	1.34311743087244e+04,-7.89313091573096e+02
1.81970085860993e+09	1.34270441770804e+04,-7.72159359947934e+02
1.86208713666282e+09	1.34230905014855e+04,-7.55372647419929e+02
1.90546071796319e+09	1.34193055359957e+04,-7.38946713751738e+02
1.94984459975799e+09	1.34156818403903e+04,-7.22875333022693e+02
1.99526231496882e+09	1.34122122690739e+04,-7.07152300940694e+02
2.04173794466947e+09	1.34088899602340e+04,-6.91771441514065e+02
2.08929613085398e+09	1.34057083252647e+04,-6.76726613121233e+02
2.13796208950217e+09	1.34026610384616e+04,-6.62011714013757e+02
2.18776162394949e+09	1.33997420269948e+04,-6.47620687286994e+02
2.23872113856828e+09	1.33969454611620e+04,-6.33547525350830e+02
2.29086765276771e+09	1.33942657449270e+04,-6.19786273931251e+02
2.34422881531986e+09	1.33916975067425e+04,-6.06331035631959e+02
2.39883291901942e+09	1.33892355906593e+04,-5.93175973084028e+02
2.45470891568496e+09	1.33868750477214e+04,-5.80315311709597e+02
2.51188643150951e+09	1.33846111276462e+04,-5.67743342124736e+02
2.57039578276879e+09	1.33824392707873e+04,-5.55454422205001e+02
2.63026799189531e+09	1.33803551003789e+04,-5.43442978836108e+02
2.69153480392684e+09	1.33783544150591e+04,-5.31703509370738e+02
2.75422870333809e+09	1.33764331816677e+04,-5.20230582811695e+02
2.81838293126437e+09	1.33745875283178e+04,-5.09018840740273e+02
2.88403150312652e+09	1.33728137377357e+04,-4.98062998007935e+02
2.95120922666630e+09	1.33711082408658e+04,-4.87357843208326e+02
3.01995172040193e+09	1.33694676107376e+04,-4.76898238945887e+02
3.09029543251350e+09	1.33678885565904e+04,-4.66679121916547e+02
3.16227766016829e+09	1.33663679182512e+04,-4.56695502815212e+02
3.23593656929619e+09	1.33649026607628e+04,-4.46942466084156e+02
3.31131121482582e+09	1.33634898692576e+04,-4.37415169515755e+02
3.38844156139193e+09	1.33621267440728e+04,-4.28108843722609e+02
3.46736850452522e+09	1.33608105961040e+04,-4.19018791487467e+02
3.54813389233565e+09	1.33595388423919e+04,-4.10140387005123e+02
3.63078054770091e+09	1.33583090019387e+04,-4.01469075027929e+02
3.71535229097162e+09	1.33571186917515e+04,-3.93000369926270e+02
3.80189396320550e+09	1.33559656231055e+04,-3.84729854675426e+02
3.89045144994269e+09	1.33548475980263e+04,-3.76653179779394e+02
3.98107170553486e+09	1.33537625059853e+04,-3.68766062142704e+02
4.07380277804101e+09	1.33527083208039e+04,-3.61064283900699e+02
4.16869383470323e+09	1.33516830977634e+04,-3.53543691218919e+02
4.26579518801580e+09	1.33506849709142e+04,-3.46200193071870e+02
4.36515832240153e+09	1.33497121505814e+04,-3.39029760011651e+02
4.46683592150950e+09	1.33487629210600e+04,-3.32028422936693e+02
4.57088189614862e+09	1.33478356384959e+04,-3.25192271870840e+02
4.67735141287185e+09	1.33469287289452e+04,-3.18517454763085e+02
4.78630092322624e+09	1.33460406866078e+04,-3.12000176317839e+02
4.89778819368432e+09	1.33451700722257e+04,-3.05636696866011e+02
5.01187233627258e+09	1.33443155116421e+04,-2.99423331286559e+02
5.12861383991350e+09	1.33434756945106e+04,-2.93356447988414e+02
5.24807460249757e+09	1.33426493731473e+04,-2.87432467961971e+02
5.37031796370237e+09	1.33418353615175e+04,-2.81647863909775e+02
5.49540873857609e+09	1.33410325343448e+04,-2.75999159464482e+02
5.62341325190333e+09	1.33402398263344e+04,-2.70482928503250e+02
5.75439937337140e+09	1.33394562314979e+04,-2.65095794565492e+02
5.88843655355572e+09	1.33386808025672e+04,-2.59834430381832e+02
6.02559586074340e+09	1.33379126504859e+04,-2.54695557519974e+02
6.16595001861464e+09	1.33371509439634e+04,-2.49675946153228e+02
6.30957344480175e+09	1.33363949090775e+04,-2.44772414955990e+02
6.45654229034637e+09	1.33356438289113e+04,-2.39981831129364e+02
6.60693448007577e+09	1.33348970432078e+04,-2.35301110559126e+02
6.76082975391962e+09	1.33341539480274e+04,-2.30727218106176e+02
6.91830970918916e+09	1.33334139953915e+04,-2.26257168029257e+02
7.07945784384117e+09	1.33326766928951e+04,-2.21888024536766e+02
7.24435960074969e+09	1.33319416032733e+04,-2.17616902463933e+02
7.41310241300896e+09	1.33312083439049e+04,-2.13440968069575e+02
7.58577575029162e+09	1.33304765862366e+04,-2.09357439944230e+02
7.76247116628669e+09	1.33297460551136e+04,-2.05363590020875e+02
7.94328234724258e+09	1.33290165280013e+04,-2.01456744676509e+02
8.12830516164075e+09	1.33282878340854e+04,-1.97634285911964e+02
8.31763771102647e+09	1.33275598532379e+04,-1.93893652595031e+02
8.51138038202351e+09	1.33268325148385e+04,-1.90232341751155e+02
8.70963589956055e+09	1.33261057964422e+04,-1.86647909883503e+02
8.91250938133719e+09	1.33253797222875e+04,-1.83137974304573e+02
9.12010839355883e+09	1.33246543616392e+04,-1.79700214458581e+02
9.33254300796963e+09	1.33239298269632e+04,-1.76332373215052e+02
9.54992586021408e+09	1.33232062719348e+04,-1.73032258111982e+02
9.77237220955782e+09	1.33224838892817e+04,-1.69797742527983e+02
1.00000000000000e+10	1.33217629084672e+04,-1.66626766762244e+02
