time	V(vcap)	I(C1)	I(V1)
0.000000000000000e+00	0.000000e+00	0.000000e+00	-9.999010e-07
4.882812226379360e-14	4.882329e-09	7.499257e-07	-9.999010e-07
9.765624452758720e-14	9.764658e-09	9.999010e-07	-9.999010e-07
7.226562095041455e-12	7.185439e-07	9.982841e-07	-9.982841e-07
1.435546794555532e-11	1.431806e-06	9.984605e-07	-9.984605e-07
2.148437379606919e-11	2.149550e-06	1.000430e-06	-1.000430e-06
2.861327964658306e-11	2.871778e-06	1.004193e-06	-1.004193e-06
3.574218549709693e-11	3.598488e-06	1.009750e-06	-1.009750e-06
4.287109134761079e-11	4.329680e-06	1.017099e-06	-1.017099e-06
4.999999719812465e-11	5.065356e-06	1.026242e-06	-1.026242e-06
9.999999439624929e-11	1.465947e-05	2.074045e-06	-2.074045e-06
1.857253541617671e-10	5.387824e-05	1.023994e-05	-1.023994e-05
2.200251027491880e-10	9.940110e-05	2.402719e-05	-2.402719e-05
2.425436155578081e-10	1.702933e-04	4.873682e-05	-4.873682e-05
2.573383934113231e-10	2.613335e-04	8.281798e-05	-8.281798e-05
2.704816804198142e-10	4.005555e-04	1.369391e-04	-1.369391e-04
2.815464213687672e-10	5.906757e-04	2.124130e-04	-2.124130e-04
2.925335271319501e-10	8.945361e-04	3.339330e-04	-3.339330e-04
3.045617788994253e-10	1.439006e-03	5.499293e-04	-5.499293e-04
3.178790881707620e-10	2.435770e-03	9.354653e-04	-9.354653e-04
3.310391346727333e-10	4.078978e-03	1.536600e-03	-1.536600e-03
3.452043221429497e-10	6.974649e-03	2.491266e-03	-2.491266e-03
3.601931578263878e-10	1.183565e-02	3.814878e-03	-3.814878e-03
3.782053007560058e-10	2.068026e-02	5.505552e-03	-5.505552e-03
4.040425382866743e-10	3.788555e-02	7.418850e-03	-7.418850e-03
4.312947634135945e-10	5.968336e-02	8.472628e-03	-8.472628e-03
4.652060387295501e-10	8.909216e-02	8.806737e-03	-8.806737e-03
5.029438238812913e-10	1.219362e-01	8.685531e-03	-8.685531e-03
5.767240352512666e-10	1.845085e-01	8.143730e-03	-8.143730e-03
6.387251608961283e-10	2.331234e-01	7.660936e-03	-7.660936e-03
6.900000000000000e-10	2.718155e-01	7.274570e-03	-7.274570e-03
7.361473551934846e-10	3.042185e-01	6.950865e-03	-6.950865e-03
7.822947103869691e-10	3.350791e-01	6.642567e-03	-6.642567e-03
8.284420655804537e-10	3.643974e-01	6.349676e-03	-6.349676e-03
8.745894207739383e-10	3.921734e-01	6.072193e-03	-6.072193e-03
9.207367759674229e-10	4.184072e-01	5.810118e-03	-5.810118e-03
9.668841311609073e-10	4.430985e-01	5.563451e-03	-5.563451e-03
1.013031486354392e-09	4.662476e-01	5.332191e-03	-5.332191e-03
1.341190456619171e-09	6.065563e-01	3.930506e-03	-3.930506e-03
1.839282697441192e-09	7.563959e-01	2.433607e-03	-2.433607e-03
2.370870002116212e-09	8.559824e-01	1.438738e-03	-1.438738e-03
3.029013419134153e-09	9.243619e-01	7.556247e-04	-7.556247e-04
3.772416802636000e-09	9.634351e-01	3.652841e-04	-3.652841e-04
4.754071458438212e-09	9.857480e-01	1.423776e-04	-1.423776e-04
5.957777535099528e-09	9.963852e-01	3.611251e-05	-3.611251e-05
6.647777535099528e-09	9.986545e-01	1.344106e-05	-1.344106e-05
6.900000000000001e-09	9.990016e-01	9.973911e-06	-9.973911e-06
7.085555070199055e-09	9.991757e-01	8.234027e-06	-8.234027e-06
7.218889859601891e-09	9.992808e-01	7.185386e-06	-7.185386e-06
7.323330421194328e-09	9.993533e-01	6.460002e-06	-6.460002e-06
7.381118876815128e-09	9.993898e-01	6.096182e-06	-6.096182e-06
7.474423088758399e-09	9.994434e-01	5.560710e-06	-5.560710e-06
7.590000000000000e-09	9.995055e-01	4.940524e-06	-4.940524e-06
7.670903837869121e-09	9.995434e-01	4.559565e-06	-4.559565e-06
7.763365366862402e-09	9.995779e-01	3.682713e-06	-3.682713e-06
7.948288424848964e-09	9.996153e-01	1.609161e-06	-1.609161e-06
8.280000000000000e-09	9.996368e-01	3.631258e-10	-3.631258e-10
1.380000000000000e-08	9.996371e-01	3.629255e-10	-3.629255e-10
1.386386428664672e-08	9.996371e-01	7.635237e-10	-7.635237e-10
1.399159285994015e-08	9.996437e-01	5.175265e-07	-5.175265e-07
1.424705000652701e-08	9.996846e-01	2.201133e-06	-2.201133e-06
1.449000000000000e-08	9.997452e-01	2.545687e-06	-2.545687e-06
1.456288499804190e-08	9.997627e-01	2.370307e-06	-2.370307e-06
1.466006499543109e-08	9.997840e-01	2.158070e-06	-2.158070e-06
1.485442499020948e-08	9.998199e-01	1.799057e-06	-1.799057e-06
1.524314497976626e-08	9.998725e-01	1.273576e-06	-1.273576e-06
1.602058495887981e-08	9.999328e-01	6.715744e-07	-6.715745e-07
1.757546491710692e-08	9.999874e-01	1.259151e-07	-1.259151e-07
1.828024008354578e-08	9.999961e-01	3.877835e-08	-3.877835e-08
1.968979041642351e-08	9.999991e-01	8.853553e-09	-8.853553e-09
2.037979041642351e-08	9.999997e-01	2.874771e-09	-2.874771e-09
2.139000000000000e-08	9.999999e-01	9.702887e-10	-9.702887e-10
2.208000000000000e-08	9.999999e-01	6.990242e-14	-6.990902e-14
2.760000000000000e-08	9.999999e-01	6.986772e-14	-6.987044e-14
2.829000000000000e-08	9.999999e-01	4.913437e-10	-4.913439e-10
3.519000000000000e-08	1.000000e+00	1.942058e-13	-1.936229e-13
3.588000000000000e-08	1.000000e+00	2.775558e-17	-1.407218e-17
4.140000000000000e-08	1.000000e+00	6.938894e-18	-1.406604e-17
4.209000000000000e-08	1.000000e+00	9.876822e-14	-9.947598e-14
4.899000000000000e-08	1.000000e+00	4.163336e-17	0.000000e+00
4.968000000000001e-08	1.000000e+00	0.000000e+00	-3.388132e-21
5.520000000000000e-08	1.000000e+00	0.000000e+00	-4.023406e-21
5.589000000000000e-08	1.000000e+00	4.163336e-17	0.000000e+00
6.279000000000000e-08	1.000000e+00	0.000000e+00	0.000000e+00
6.348000000000000e-08	1.000000e+00	0.000000e+00	-8.470329e-22
6.900000000000000e-08	1.000000e+00	-6.938894e-18	-1.482308e-21
6.969000000000000e-08	1.000000e+00	2.775558e-17	0.000000e+00
7.659000000000000e-08	1.000000e+00	-3.469447e-18	0.000000e+00
7.728000000000000e-08	1.000000e+00	0.000000e+00	-4.235165e-22
8.280000000000000e-08	1.000000e+00	-6.938894e-18	-4.235165e-22
8.349000000000000e-08	1.000000e+00	1.387779e-17	0.000000e+00
9.039000000000000e-08	1.000000e+00	-3.469447e-18	0.000000e+00
9.108000000000001e-08	1.000000e+00	0.000000e+00	0.000000e+00
9.660000000000000e-08	1.000000e+00	0.000000e+00	-4.235165e-22
9.728999999999999e-08	1.000000e+00	1.387779e-17	0.000000e+00
1.041900000000000e-07	1.000000e+00	0.000000e+00	0.000000e+00
1.048800000000000e-07	1.000000e+00	0.000000e+00	2.117582e-22
1.104000000000000e-07	1.000000e+00	-6.938894e-18	-4.235165e-22
1.110900000000000e-07	1.000000e+00	0.000000e+00	0.000000e+00
1.179900000000000e-07	1.000000e+00	-3.469447e-18	0.000000e+00
1.186800000000000e-07	1.000000e+00	0.000000e+00	-8.470329e-22
1.242000000000000e-07	1.000000e+00	0.000000e+00	-6.352747e-22
1.248900000000000e-07	1.000000e+00	1.387779e-17	0.000000e+00
1.317900000000000e-07	1.000000e+00	3.469447e-18	0.000000e+00
1.324800000000000e-07	1.000000e+00	0.000000e+00	0.000000e+00
1.380000000000000e-07	1.000000e+00	-6.938894e-18	-8.470329e-22
1.386900000000000e-07	1.000000e+00	0.000000e+00	0.000000e+00
1.455900000000000e-07	1.000000e+00	0.000000e+00	0.000000e+00
1.462800000000000e-07	1.000000e+00	0.000000e+00	0.000000e+00
1.518000000000000e-07	1.000000e+00	-6.938894e-18	-8.470329e-22
1.524900000000000e-07	1.000000e+00	0.000000e+00	0.000000e+00
1.593900000000000e-07	1.000000e+00	0.000000e+00	0.000000e+00
1.600800000000000e-07	1.000000e+00	0.000000e+00	0.000000e+00
1.656000000000000e-07	1.000000e+00	-6.938894e-18	-8.470329e-22
1.662900000000000e-07	1.000000e+00	0.000000e+00	0.000000e+00
1.731900000000000e-07	1.000000e+00	0.000000e+00	0.000000e+00
1.738800000000000e-07	1.000000e+00	0.000000e+00	0.000000e+00
1.794000000000000e-07	1.000000e+00	-6.938894e-18	-8.470329e-22
1.800900000000000e-07	1.000000e+00	0.000000e+00	0.000000e+00
1.869900000000000e-07	1.000000e+00	0.000000e+00	0.000000e+00
1.876800000000000e-07	1.000000e+00	0.000000e+00	0.000000e+00
1.932000000000000e-07	1.000000e+00	-6.938894e-18	-8.470329e-22
1.938900000000000e-07	1.000000e+00	2.775558e-17	0.000000e+00
2.007900000000000e-07	1.000000e+00	0.000000e+00	0.000000e+00
2.014799999999999e-07	1.000000e+00	0.000000e+00	4.235165e-22
2.070000000000000e-07	1.000000e+00	-6.938894e-18	-6.352747e-22
2.076900000000000e-07	1.000000e+00	-1.387779e-17	0.000000e+00
2.145900000000000e-07	1.000000e+00	0.000000e+00	0.000000e+00
2.152800000000000e-07	1.000000e+00	0.000000e+00	4.235165e-22
2.208000000000000e-07	1.000000e+00	-6.938894e-18	-6.352747e-22
2.214900000000000e-07	1.000000e+00	-1.387779e-17	0.000000e+00
2.283900000000000e-07	1.000000e+00	0.000000e+00	0.000000e+00
2.290800000000000e-07	1.000000e+00	0.000000e+00	4.235165e-22
2.346000000000000e-07	1.000000e+00	-6.938894e-18	-6.352747e-22
2.352900000000000e-07	1.000000e+00	-1.387779e-17	0.000000e+00
2.421900000000000e-07	1.000000e+00	0.000000e+00	0.000000e+00
2.428800000000000e-07	1.000000e+00	0.000000e+00	4.235165e-22
2.484000000000000e-07	1.000000e+00	0.000000e+00	-6.352747e-22
2.490900000000000e-07	1.000000e+00	1.387779e-17	0.000000e+00
2.559900000000000e-07	1.000000e+00	0.000000e+00	0.000000e+00
2.566799999999999e-07	1.000000e+00	0.000000e+00	4.235165e-22
2.622000000000000e-07	1.000000e+00	0.000000e+00	-6.352747e-22
2.628899999999999e-07	1.000000e+00	1.387779e-17	0.000000e+00
2.697900000000000e-07	1.000000e+00	0.000000e+00	0.000000e+00
2.704800000000000e-07	1.000000e+00	0.000000e+00	4.235165e-22
2.760000000000000e-07	1.000000e+00	0.000000e+00	-6.352747e-22
2.766900000000000e-07	1.000000e+00	1.387779e-17	0.000000e+00
2.835900000000000e-07	1.000000e+00	0.000000e+00	0.000000e+00
2.842799999999999e-07	1.000000e+00	0.000000e+00	4.235165e-22
2.898000000000000e-07	1.000000e+00	0.000000e+00	-6.352747e-22
2.904899999999999e-07	1.000000e+00	1.387779e-17	0.000000e+00
2.973900000000000e-07	1.000000e+00	0.000000e+00	0.000000e+00
2.980800000000000e-07	1.000000e+00	0.000000e+00	4.235165e-22
3.036000000000000e-07	1.000000e+00	0.000000e+00	-6.352747e-22
3.042900000000000e-07	1.000000e+00	1.387779e-17	0.000000e+00
3.111900000000000e-07	1.000000e+00	0.000000e+00	0.000000e+00
3.118800000000000e-07	1.000000e+00	0.000000e+00	4.235165e-22
3.174000000000000e-07	1.000000e+00	0.000000e+00	-6.352747e-22
3.180900000000000e-07	1.000000e+00	1.387779e-17	0.000000e+00
3.249899999999999e-07	1.000000e+00	0.000000e+00	0.000000e+00
3.256799999999999e-07	1.000000e+00	0.000000e+00	4.235165e-22
3.311999999999999e-07	1.000000e+00	0.000000e+00	-6.352747e-22
3.318899999999999e-07	1.000000e+00	1.387779e-17	0.000000e+00
3.387900000000000e-07	1.000000e+00	0.000000e+00	0.000000e+00
3.394800000000000e-07	1.000000e+00	0.000000e+00	4.235165e-22
3.450000000000000e-07	1.000000e+00	0.000000e+00	-6.352747e-22
3.456900000000000e-07	1.000000e+00	1.387779e-17	0.000000e+00
3.525900000000000e-07	1.000000e+00	0.000000e+00	0.000000e+00
3.532799999999999e-07	1.000000e+00	0.000000e+00	4.235165e-22
3.588000000000000e-07	1.000000e+00	0.000000e+00	-6.352747e-22
3.594899999999999e-07	1.000000e+00	1.387779e-17	0.000000e+00
3.663900000000000e-07	1.000000e+00	0.000000e+00	0.000000e+00
3.670800000000000e-07	1.000000e+00	0.000000e+00	4.235165e-22
3.726000000000000e-07	1.000000e+00	0.000000e+00	-6.352747e-22
3.732900000000000e-07	1.000000e+00	1.387779e-17	0.000000e+00
3.801900000000000e-07	1.000000e+00	0.000000e+00	0.000000e+00
3.808800000000000e-07	1.000000e+00	0.000000e+00	4.235165e-22
3.864000000000000e-07	1.000000e+00	0.000000e+00	-6.352747e-22
3.870900000000000e-07	1.000000e+00	1.387779e-17	0.000000e+00
3.939899999999999e-07	1.000000e+00	0.000000e+00	0.000000e+00
3.946799999999999e-07	1.000000e+00	0.000000e+00	4.235165e-22
4.001999999999999e-07	1.000000e+00	0.000000e+00	-6.352747e-22
4.008899999999999e-07	1.000000e+00	1.387779e-17	0.000000e+00
4.077900000000000e-07	1.000000e+00	0.000000e+00	0.000000e+00
4.084800000000000e-07	1.000000e+00	0.000000e+00	4.235165e-22
4.140000000000000e-07	1.000000e+00	0.000000e+00	-6.352747e-22
4.146900000000000e-07	1.000000e+00	1.387779e-17	0.000000e+00
4.215900000000000e-07	1.000000e+00	0.000000e+00	0.000000e+00
4.222799999999999e-07	1.000000e+00	0.000000e+00	4.235165e-22
4.278000000000000e-07	1.000000e+00	0.000000e+00	-6.352747e-22
4.284899999999999e-07	1.000000e+00	1.387779e-17	0.000000e+00
4.353900000000000e-07	1.000000e+00	0.000000e+00	0.000000e+00
4.360800000000000e-07	1.000000e+00	0.000000e+00	4.235165e-22
4.361628000000000e-07	1.000000e+00	0.000000e+00	4.235165e-22
4.416000000000000e-07	1.000000e+00	0.000000e+00	-6.352747e-22
4.422900000000000e-07	1.000000e+00	1.387779e-17	0.000000e+00
4.491900000000000e-07	1.000000e+00	0.000000e+00	0.000000e+00
4.498799999999999e-07	1.000000e+00	0.000000e+00	4.235165e-22
4.554000000000000e-07	1.000000e+00	0.000000e+00	-6.352747e-22
4.560900000000000e-07	1.000000e+00	1.387779e-17	0.000000e+00
4.629899999999999e-07	1.000000e+00	0.000000e+00	0.000000e+00
4.636799999999999e-07	1.000000e+00	0.000000e+00	4.235165e-22
4.691999999999999e-07	1.000000e+00	-6.938894e-18	-2.117582e-22
4.698900000000000e-07	1.000000e+00	1.387779e-17	0.000000e+00
4.767900000000000e-07	1.000000e+00	0.000000e+00	0.000000e+00
4.774800000000000e-07	1.000000e+00	0.000000e+00	4.235165e-22
4.830000000000000e-07	1.000000e+00	0.000000e+00	-6.352747e-22
4.836900000000000e-07	1.000000e+00	0.000000e+00	0.000000e+00
4.905899999999999e-07	1.000000e+00	0.000000e+00	0.000000e+00
4.912799999999999e-07	1.000000e+00	0.000000e+00	4.235165e-22
4.967999999999999e-07	1.000000e+00	0.000000e+00	-6.352747e-22
4.974899999999999e-07	1.000000e+00	0.000000e+00	0.000000e+00
5.043899999999999e-07	1.000000e+00	0.000000e+00	0.000000e+00
5.050799999999999e-07	1.000000e+00	0.000000e+00	4.235165e-22
5.105999999999999e-07	1.000000e+00	0.000000e+00	-6.352747e-22
5.112899999999999e-07	1.000000e+00	0.000000e+00	0.000000e+00
5.181900000000000e-07	1.000000e+00	3.469447e-18	0.000000e+00
5.188800000000000e-07	1.000000e+00	0.000000e+00	4.235165e-22
5.244000000000000e-07	1.000000e+00	0.000000e+00	-6.352747e-22
5.250900000000000e-07	1.000000e+00	0.000000e+00	0.000000e+00
5.319900000000000e-07	1.000000e+00	0.000000e+00	0.000000e+00
5.326800000000000e-07	1.000000e+00	0.000000e+00	4.235165e-22
5.382000000000000e-07	1.000000e+00	0.000000e+00	-6.352747e-22
5.388900000000000e-07	1.000000e+00	0.000000e+00	0.000000e+00
5.457900000000000e-07	1.000000e+00	0.000000e+00	0.000000e+00
5.464800000000000e-07	1.000000e+00	0.000000e+00	4.235165e-22
5.520000000000000e-07	1.000000e+00	0.000000e+00	-6.352747e-22
5.526900000000000e-07	1.000000e+00	0.000000e+00	0.000000e+00
5.595899999999999e-07	1.000000e+00	0.000000e+00	0.000000e+00
5.602799999999999e-07	1.000000e+00	0.000000e+00	4.235165e-22
5.657999999999999e-07	1.000000e+00	0.000000e+00	-6.352747e-22
5.664899999999999e-07	1.000000e+00	0.000000e+00	0.000000e+00
5.733899999999999e-07	1.000000e+00	0.000000e+00	0.000000e+00
5.740799999999999e-07	1.000000e+00	0.000000e+00	4.235165e-22
5.795999999999999e-07	1.000000e+00	0.000000e+00	-6.352747e-22
5.802899999999999e-07	1.000000e+00	0.000000e+00	0.000000e+00
5.871900000000000e-07	1.000000e+00	0.000000e+00	0.000000e+00
5.878800000000000e-07	1.000000e+00	0.000000e+00	0.000000e+00
5.934000000000000e-07	1.000000e+00	0.000000e+00	-4.235165e-22
5.940900000000000e-07	1.000000e+00	0.000000e+00	0.000000e+00
6.009900000000000e-07	1.000000e+00	0.000000e+00	0.000000e+00
6.016800000000000e-07	1.000000e+00	0.000000e+00	4.235165e-22
6.072000000000000e-07	1.000000e+00	0.000000e+00	-6.352747e-22
6.078900000000000e-07	1.000000e+00	0.000000e+00	0.000000e+00
6.147900000000000e-07	1.000000e+00	0.000000e+00	0.000000e+00
6.154799999999999e-07	1.000000e+00	0.000000e+00	4.235165e-22
6.210000000000000e-07	1.000000e+00	0.000000e+00	-6.352747e-22
6.216900000000000e-07	1.000000e+00	0.000000e+00	0.000000e+00
6.285899999999999e-07	1.000000e+00	0.000000e+00	0.000000e+00
6.292799999999999e-07	1.000000e+00	0.000000e+00	4.235165e-22
6.347999999999999e-07	1.000000e+00	0.000000e+00	-6.352747e-22
6.354899999999999e-07	1.000000e+00	0.000000e+00	0.000000e+00
6.423899999999999e-07	1.000000e+00	0.000000e+00	0.000000e+00
6.430799999999999e-07	1.000000e+00	0.000000e+00	4.235165e-22
6.485999999999999e-07	1.000000e+00	0.000000e+00	-6.352747e-22
6.492899999999999e-07	1.000000e+00	0.000000e+00	0.000000e+00
6.561900000000000e-07	1.000000e+00	3.469447e-18	0.000000e+00
6.568800000000000e-07	1.000000e+00	0.000000e+00	4.235165e-22
6.624000000000000e-07	1.000000e+00	0.000000e+00	-6.352747e-22
6.630900000000000e-07	1.000000e+00	0.000000e+00	0.000000e+00
6.699900000000000e-07	1.000000e+00	0.000000e+00	0.000000e+00
6.706800000000000e-07	1.000000e+00	0.000000e+00	4.235165e-22
6.762000000000000e-07	1.000000e+00	0.000000e+00	-6.352747e-22
6.768900000000000e-07	1.000000e+00	0.000000e+00	0.000000e+00
6.837900000000000e-07	1.000000e+00	0.000000e+00	0.000000e+00
6.844799999999999e-07	1.000000e+00	0.000000e+00	4.235165e-22
6.900000000000000e-07	1.000000e+00	0.000000e+00	-6.352747e-22
6.906899999999999e-07	1.000000e+00	0.000000e+00	0.000000e+00
6.975899999999999e-07	1.000000e+00	0.000000e+00	0.000000e+00
6.982799999999999e-07	1.000000e+00	0.000000e+00	4.235165e-22
7.037999999999999e-07	1.000000e+00	0.000000e+00	-6.352747e-22
7.044899999999999e-07	1.000000e+00	0.000000e+00	0.000000e+00
7.113899999999999e-07	1.000000e+00	0.000000e+00	0.000000e+00
7.120799999999999e-07	1.000000e+00	0.000000e+00	4.235165e-22
7.175999999999999e-07	1.000000e+00	0.000000e+00	-6.352747e-22
7.182899999999999e-07	1.000000e+00	0.000000e+00	0.000000e+00
7.251900000000000e-07	1.000000e+00	0.000000e+00	0.000000e+00
7.258800000000000e-07	1.000000e+00	0.000000e+00	0.000000e+00
7.314000000000000e-07	1.000000e+00	0.000000e+00	-4.235165e-22
7.320900000000000e-07	1.000000e+00	0.000000e+00	0.000000e+00
7.389900000000000e-07	1.000000e+00	0.000000e+00	0.000000e+00
7.396800000000000e-07	1.000000e+00	0.000000e+00	4.235165e-22
7.452000000000000e-07	1.000000e+00	0.000000e+00	-6.352747e-22
7.458900000000000e-07	1.000000e+00	0.000000e+00	0.000000e+00
7.527900000000000e-07	1.000000e+00	0.000000e+00	0.000000e+00
7.534799999999999e-07	1.000000e+00	0.000000e+00	4.235165e-22
7.590000000000000e-07	1.000000e+00	0.000000e+00	-6.352747e-22
7.596899999999999e-07	1.000000e+00	0.000000e+00	0.000000e+00
7.665899999999999e-07	1.000000e+00	0.000000e+00	0.000000e+00
7.672799999999999e-07	1.000000e+00	0.000000e+00	4.235165e-22
7.727999999999999e-07	1.000000e+00	0.000000e+00	-6.352747e-22
7.734899999999999e-07	1.000000e+00	0.000000e+00	0.000000e+00
7.803899999999999e-07	1.000000e+00	0.000000e+00	0.000000e+00
7.810799999999999e-07	1.000000e+00	0.000000e+00	4.235165e-22
7.865999999999999e-07	1.000000e+00	0.000000e+00	-6.352747e-22
7.872899999999999e-07	1.000000e+00	0.000000e+00	0.000000e+00
7.941900000000000e-07	1.000000e+00	3.469447e-18	0.000000e+00
7.948800000000000e-07	1.000000e+00	0.000000e+00	4.235165e-22
8.004000000000000e-07	1.000000e+00	0.000000e+00	-6.352747e-22
8.010900000000000e-07	1.000000e+00	0.000000e+00	0.000000e+00
8.079900000000000e-07	1.000000e+00	0.000000e+00	0.000000e+00
8.086800000000000e-07	1.000000e+00	0.000000e+00	4.235165e-22
8.142000000000000e-07	1.000000e+00	0.000000e+00	-6.352747e-22
8.148900000000000e-07	1.000000e+00	0.000000e+00	0.000000e+00
8.217899999999999e-07	1.000000e+00	0.000000e+00	0.000000e+00
8.224799999999999e-07	1.000000e+00	0.000000e+00	4.235165e-22
8.279999999999999e-07	1.000000e+00	0.000000e+00	-6.352747e-22
8.286899999999999e-07	1.000000e+00	0.000000e+00	0.000000e+00
8.355899999999999e-07	1.000000e+00	0.000000e+00	0.000000e+00
8.362799999999999e-07	1.000000e+00	0.000000e+00	4.235165e-22
8.417999999999999e-07	1.000000e+00	0.000000e+00	-6.352747e-22
8.424899999999999e-07	1.000000e+00	0.000000e+00	0.000000e+00
8.493899999999999e-07	1.000000e+00	0.000000e+00	0.000000e+00
8.500799999999999e-07	1.000000e+00	0.000000e+00	4.235165e-22
8.555999999999999e-07	1.000000e+00	0.000000e+00	-6.352747e-22
8.562899999999999e-07	1.000000e+00	0.000000e+00	0.000000e+00
8.631900000000000e-07	1.000000e+00	0.000000e+00	0.000000e+00
8.638800000000000e-07	1.000000e+00	0.000000e+00	0.000000e+00
8.694000000000000e-07	1.000000e+00	0.000000e+00	-4.235165e-22
8.700900000000000e-07	1.000000e+00	0.000000e+00	0.000000e+00
8.769900000000000e-07	1.000000e+00	0.000000e+00	0.000000e+00
8.776800000000000e-07	1.000000e+00	0.000000e+00	4.235165e-22
8.832000000000000e-07	1.000000e+00	0.000000e+00	-6.352747e-22
8.838900000000000e-07	1.000000e+00	0.000000e+00	0.000000e+00
8.907899999999999e-07	1.000000e+00	0.000000e+00	0.000000e+00
8.914799999999999e-07	1.000000e+00	0.000000e+00	4.235165e-22
8.969999999999999e-07	1.000000e+00	0.000000e+00	-6.352747e-22
8.976899999999999e-07	1.000000e+00	0.000000e+00	0.000000e+00
9.045899999999999e-07	1.000000e+00	0.000000e+00	0.000000e+00
9.052799999999999e-07	1.000000e+00	0.000000e+00	4.235165e-22
9.070187999999999e-07	1.000000e+00	-2.891206e-18	-3.529304e-23
9.107999999999999e-07	1.000000e+00	0.000000e+00	-6.352747e-22
9.114899999999999e-07	1.000000e+00	0.000000e+00	0.000000e+00
9.183899999999999e-07	1.000000e+00	0.000000e+00	0.000000e+00
9.190799999999999e-07	1.000000e+00	0.000000e+00	4.235165e-22
9.245999999999999e-07	1.000000e+00	0.000000e+00	0.000000e+00
9.252900000000000e-07	1.000000e+00	1.387779e-17	0.000000e+00
9.321900000000000e-07	1.000000e+00	0.000000e+00	0.000000e+00
9.328800000000000e-07	1.000000e+00	0.000000e+00	4.235165e-22
9.384000000000000e-07	1.000000e+00	0.000000e+00	-6.352747e-22
9.390900000000000e-07	1.000000e+00	0.000000e+00	0.000000e+00
9.459900000000000e-07	1.000000e+00	0.000000e+00	0.000000e+00
9.466800000000000e-07	1.000000e+00	0.000000e+00	4.235165e-22
9.522000000000000e-07	1.000000e+00	0.000000e+00	-6.352747e-22
9.528900000000000e-07	1.000000e+00	0.000000e+00	0.000000e+00
9.597900000000000e-07	1.000000e+00	0.000000e+00	0.000000e+00
9.604800000000000e-07	1.000000e+00	0.000000e+00	4.235165e-22
9.659999999999999e-07	1.000000e+00	0.000000e+00	-6.352747e-22
9.666899999999999e-07	1.000000e+00	0.000000e+00	0.000000e+00
9.735900000000000e-07	1.000000e+00	0.000000e+00	0.000000e+00
9.742800000000000e-07	1.000000e+00	0.000000e+00	4.235165e-22
9.797999999999999e-07	1.000000e+00	0.000000e+00	-6.352747e-22
9.804899999999999e-07	1.000000e+00	0.000000e+00	0.000000e+00
9.873900000000000e-07	1.000000e+00	0.000000e+00	0.000000e+00
9.880800000000000e-07	1.000000e+00	0.000000e+00	4.235165e-22
9.935999999999999e-07	1.000000e+00	0.000000e+00	-6.352747e-22
9.942899999999999e-07	1.000000e+00	0.000000e+00	0.000000e+00
1.001190000000000e-06	1.000000e+00	0.000000e+00	0.000000e+00
1.001880000000000e-06	1.000000e+00	0.000000e+00	4.235165e-22
1.007400000000000e-06	1.000000e+00	0.000000e+00	-6.352747e-22
1.008090000000000e-06	1.000000e+00	0.000000e+00	0.000000e+00
1.014990000000000e-06	1.000000e+00	0.000000e+00	0.000000e+00
1.015680000000000e-06	1.000000e+00	0.000000e+00	4.235165e-22
1.021200000000000e-06	1.000000e+00	0.000000e+00	-6.352747e-22
1.021890000000000e-06	1.000000e+00	0.000000e+00	0.000000e+00
1.028790000000000e-06	1.000000e+00	0.000000e+00	0.000000e+00
1.029480000000000e-06	1.000000e+00	0.000000e+00	4.235165e-22
1.035000000000000e-06	1.000000e+00	0.000000e+00	-6.352747e-22
1.035690000000000e-06	1.000000e+00	0.000000e+00	0.000000e+00
1.042590000000000e-06	1.000000e+00	0.000000e+00	0.000000e+00
1.043280000000000e-06	1.000000e+00	0.000000e+00	4.235165e-22
1.048800000000000e-06	1.000000e+00	0.000000e+00	-6.352747e-22
1.049490000000000e-06	1.000000e+00	0.000000e+00	0.000000e+00
1.056390000000000e-06	1.000000e+00	0.000000e+00	0.000000e+00
1.057080000000000e-06	1.000000e+00	0.000000e+00	4.235165e-22
1.062600000000000e-06	1.000000e+00	0.000000e+00	-6.352747e-22
1.063290000000000e-06	1.000000e+00	0.000000e+00	0.000000e+00
1.070190000000000e-06	1.000000e+00	0.000000e+00	0.000000e+00
1.070880000000000e-06	1.000000e+00	0.000000e+00	4.235165e-22
1.076400000000000e-06	1.000000e+00	0.000000e+00	-6.352747e-22
1.077090000000000e-06	1.000000e+00	0.000000e+00	0.000000e+00
1.083990000000000e-06	1.000000e+00	0.000000e+00	0.000000e+00
1.084680000000000e-06	1.000000e+00	0.000000e+00	4.235165e-22
1.090200000000000e-06	1.000000e+00	0.000000e+00	-6.352747e-22
1.090890000000000e-06	1.000000e+00	0.000000e+00	0.000000e+00
1.097790000000000e-06	1.000000e+00	0.000000e+00	0.000000e+00
1.098480000000000e-06	1.000000e+00	0.000000e+00	4.235165e-22
1.104000000000000e-06	1.000000e+00	0.000000e+00	-6.352747e-22
1.104690000000000e-06	1.000000e+00	0.000000e+00	0.000000e+00
1.111590000000000e-06	1.000000e+00	0.000000e+00	0.000000e+00
1.112280000000000e-06	1.000000e+00	0.000000e+00	4.235165e-22
1.117800000000000e-06	1.000000e+00	0.000000e+00	-6.352747e-22
1.118490000000000e-06	1.000000e+00	0.000000e+00	0.000000e+00
1.125390000000000e-06	1.000000e+00	0.000000e+00	0.000000e+00
1.126080000000000e-06	1.000000e+00	0.000000e+00	4.235165e-22
1.131600000000000e-06	1.000000e+00	0.000000e+00	-6.352747e-22
1.132290000000000e-06	1.000000e+00	0.000000e+00	0.000000e+00
1.139190000000000e-06	1.000000e+00	0.000000e+00	0.000000e+00
1.139880000000000e-06	1.000000e+00	0.000000e+00	4.235165e-22
1.145400000000000e-06	1.000000e+00	0.000000e+00	-6.352747e-22
1.146090000000000e-06	1.000000e+00	0.000000e+00	0.000000e+00
1.152990000000000e-06	1.000000e+00	0.000000e+00	0.000000e+00
1.153680000000000e-06	1.000000e+00	0.000000e+00	4.235165e-22
1.159200000000000e-06	1.000000e+00	0.000000e+00	-6.352747e-22
1.159890000000000e-06	1.000000e+00	0.000000e+00	0.000000e+00
1.166790000000000e-06	1.000000e+00	0.000000e+00	0.000000e+00
1.167480000000000e-06	1.000000e+00	0.000000e+00	4.235165e-22
1.173000000000000e-06	1.000000e+00	0.000000e+00	-6.352747e-22
1.173690000000000e-06	1.000000e+00	0.000000e+00	0.000000e+00
1.180590000000000e-06	1.000000e+00	0.000000e+00	0.000000e+00
1.181280000000000e-06	1.000000e+00	0.000000e+00	4.235165e-22
1.186800000000000e-06	1.000000e+00	0.000000e+00	-6.352747e-22
1.187490000000000e-06	1.000000e+00	0.000000e+00	0.000000e+00
1.194390000000000e-06	1.000000e+00	0.000000e+00	0.000000e+00
1.195080000000000e-06	1.000000e+00	0.000000e+00	4.235165e-22
1.200600000000000e-06	1.000000e+00	0.000000e+00	-6.352747e-22
1.201290000000000e-06	1.000000e+00	0.000000e+00	0.000000e+00
1.208190000000000e-06	1.000000e+00	0.000000e+00	0.000000e+00
1.208880000000000e-06	1.000000e+00	0.000000e+00	4.235165e-22
1.214400000000000e-06	1.000000e+00	0.000000e+00	-6.352747e-22
1.215090000000000e-06	1.000000e+00	0.000000e+00	0.000000e+00
1.221990000000000e-06	1.000000e+00	0.000000e+00	0.000000e+00
1.222680000000000e-06	1.000000e+00	0.000000e+00	4.235165e-22
1.228200000000000e-06	1.000000e+00	0.000000e+00	-6.352747e-22
1.228890000000000e-06	1.000000e+00	0.000000e+00	0.000000e+00
1.235790000000000e-06	1.000000e+00	0.000000e+00	0.000000e+00
1.236480000000000e-06	1.000000e+00	0.000000e+00	4.235165e-22
1.242000000000000e-06	1.000000e+00	0.000000e+00	-6.352747e-22
1.242690000000000e-06	1.000000e+00	0.000000e+00	0.000000e+00
1.249590000000000e-06	1.000000e+00	0.000000e+00	0.000000e+00
1.250280000000000e-06	1.000000e+00	0.000000e+00	4.235165e-22
1.255800000000000e-06	1.000000e+00	0.000000e+00	-6.352747e-22
1.256490000000000e-06	1.000000e+00	0.000000e+00	0.000000e+00
1.263390000000000e-06	1.000000e+00	0.000000e+00	0.000000e+00
1.264080000000000e-06	1.000000e+00	0.000000e+00	4.235165e-22
1.269600000000000e-06	1.000000e+00	0.000000e+00	-6.352747e-22
1.270290000000000e-06	1.000000e+00	0.000000e+00	0.000000e+00
1.277190000000000e-06	1.000000e+00	0.000000e+00	0.000000e+00
1.277880000000000e-06	1.000000e+00	0.000000e+00	4.235165e-22
1.283400000000000e-06	1.000000e+00	0.000000e+00	-6.352747e-22
1.284090000000000e-06	1.000000e+00	0.000000e+00	0.000000e+00
1.290990000000000e-06	1.000000e+00	0.000000e+00	0.000000e+00
1.291680000000000e-06	1.000000e+00	0.000000e+00	4.235165e-22
1.297200000000000e-06	1.000000e+00	0.000000e+00	-6.352747e-22
1.297890000000000e-06	1.000000e+00	0.000000e+00	0.000000e+00
1.304790000000000e-06	1.000000e+00	0.000000e+00	0.000000e+00
1.305480000000000e-06	1.000000e+00	0.000000e+00	4.235165e-22
1.311000000000000e-06	1.000000e+00	0.000000e+00	-6.352747e-22
1.311690000000000e-06	1.000000e+00	0.000000e+00	0.000000e+00
1.318590000000000e-06	1.000000e+00	0.000000e+00	0.000000e+00
1.319280000000000e-06	1.000000e+00	0.000000e+00	4.235165e-22
1.324800000000000e-06	1.000000e+00	0.000000e+00	-6.352747e-22
1.325490000000000e-06	1.000000e+00	0.000000e+00	0.000000e+00
1.332390000000000e-06	1.000000e+00	0.000000e+00	0.000000e+00
1.333080000000000e-06	1.000000e+00	0.000000e+00	4.235165e-22
1.338600000000000e-06	1.000000e+00	0.000000e+00	-6.352747e-22
1.339290000000000e-06	1.000000e+00	0.000000e+00	0.000000e+00
1.346190000000000e-06	1.000000e+00	0.000000e+00	0.000000e+00
1.346880000000000e-06	1.000000e+00	0.000000e+00	4.235165e-22
1.352400000000000e-06	1.000000e+00	0.000000e+00	-6.352747e-22
1.353090000000000e-06	1.000000e+00	0.000000e+00	0.000000e+00
1.359990000000000e-06	1.000000e+00	0.000000e+00	0.000000e+00
1.360680000000000e-06	1.000000e+00	0.000000e+00	4.235165e-22
1.366200000000000e-06	1.000000e+00	0.000000e+00	-6.352747e-22
1.366890000000000e-06	1.000000e+00	0.000000e+00	0.000000e+00
1.373790000000000e-06	1.000000e+00	0.000000e+00	0.000000e+00
1.374480000000000e-06	1.000000e+00	0.000000e+00	4.235165e-22
1.380000000000000e-06	1.000000e+00	0.000000e+00	-6.352747e-22
1.380690000000000e-06	1.000000e+00	0.000000e+00	0.000000e+00
1.387590000000000e-06	1.000000e+00	0.000000e+00	0.000000e+00
1.388280000000000e-06	1.000000e+00	0.000000e+00	4.235165e-22
1.393800000000000e-06	1.000000e+00	0.000000e+00	-6.352747e-22
1.394490000000000e-06	1.000000e+00	0.000000e+00	0.000000e+00
1.401390000000000e-06	1.000000e+00	0.000000e+00	0.000000e+00
1.402080000000000e-06	1.000000e+00	0.000000e+00	4.235165e-22
1.407600000000000e-06	1.000000e+00	0.000000e+00	-6.352747e-22
1.408290000000000e-06	1.000000e+00	0.000000e+00	0.000000e+00
1.415190000000000e-06	1.000000e+00	0.000000e+00	0.000000e+00
1.415880000000000e-06	1.000000e+00	0.000000e+00	4.235165e-22
1.421400000000000e-06	1.000000e+00	0.000000e+00	-6.352747e-22
1.422090000000000e-06	1.000000e+00	0.000000e+00	0.000000e+00
1.428990000000000e-06	1.000000e+00	0.000000e+00	0.000000e+00
1.429680000000000e-06	1.000000e+00	0.000000e+00	4.235165e-22
1.435200000000000e-06	1.000000e+00	0.000000e+00	-6.352747e-22
1.435890000000000e-06	1.000000e+00	0.000000e+00	0.000000e+00
1.442790000000000e-06	1.000000e+00	0.000000e+00	0.000000e+00
1.443480000000000e-06	1.000000e+00	0.000000e+00	4.235165e-22
1.449000000000000e-06	1.000000e+00	0.000000e+00	-6.352747e-22
1.449690000000000e-06	1.000000e+00	0.000000e+00	0.000000e+00
1.456590000000000e-06	1.000000e+00	0.000000e+00	0.000000e+00
1.457280000000000e-06	1.000000e+00	0.000000e+00	4.235165e-22
1.462800000000000e-06	1.000000e+00	0.000000e+00	-6.352747e-22
1.463490000000000e-06	1.000000e+00	0.000000e+00	0.000000e+00
1.470390000000000e-06	1.000000e+00	0.000000e+00	0.000000e+00
1.471080000000000e-06	1.000000e+00	0.000000e+00	4.235165e-22
1.476600000000000e-06	1.000000e+00	0.000000e+00	-6.352747e-22
1.477290000000000e-06	1.000000e+00	0.000000e+00	0.000000e+00
1.484190000000000e-06	1.000000e+00	0.000000e+00	0.000000e+00
1.484880000000000e-06	1.000000e+00	0.000000e+00	4.235165e-22
1.490400000000000e-06	1.000000e+00	0.000000e+00	-6.352747e-22
1.491090000000000e-06	1.000000e+00	0.000000e+00	0.000000e+00
1.497990000000000e-06	1.000000e+00	0.000000e+00	0.000000e+00
1.498680000000000e-06	1.000000e+00	0.000000e+00	4.235165e-22
1.504200000000000e-06	1.000000e+00	0.000000e+00	-6.352747e-22
1.504890000000000e-06	1.000000e+00	0.000000e+00	0.000000e+00
1.511790000000000e-06	1.000000e+00	0.000000e+00	0.000000e+00
1.512480000000000e-06	1.000000e+00	0.000000e+00	4.235165e-22
1.518000000000000e-06	1.000000e+00	0.000000e+00	-6.352747e-22
1.518690000000000e-06	1.000000e+00	0.000000e+00	0.000000e+00
1.525590000000000e-06	1.000000e+00	0.000000e+00	0.000000e+00
1.526280000000000e-06	1.000000e+00	0.000000e+00	4.235165e-22
1.531800000000000e-06	1.000000e+00	0.000000e+00	-6.352747e-22
1.532490000000000e-06	1.000000e+00	0.000000e+00	0.000000e+00
1.539390000000000e-06	1.000000e+00	0.000000e+00	0.000000e+00
1.540080000000000e-06	1.000000e+00	0.000000e+00	4.235165e-22
1.545600000000000e-06	1.000000e+00	0.000000e+00	-6.352747e-22
1.546290000000000e-06	1.000000e+00	0.000000e+00	0.000000e+00
1.553190000000000e-06	1.000000e+00	0.000000e+00	0.000000e+00
1.553880000000000e-06	1.000000e+00	0.000000e+00	4.235165e-22
1.559400000000000e-06	1.000000e+00	0.000000e+00	-6.352747e-22
1.560090000000000e-06	1.000000e+00	0.000000e+00	0.000000e+00
1.566990000000000e-06	1.000000e+00	0.000000e+00	0.000000e+00
1.567680000000000e-06	1.000000e+00	0.000000e+00	4.235165e-22
1.573200000000000e-06	1.000000e+00	0.000000e+00	-6.352747e-22
1.573890000000000e-06	1.000000e+00	0.000000e+00	0.000000e+00
1.580790000000000e-06	1.000000e+00	0.000000e+00	0.000000e+00
1.581480000000000e-06	1.000000e+00	0.000000e+00	4.235165e-22
1.587000000000000e-06	1.000000e+00	0.000000e+00	-6.352747e-22
1.587690000000000e-06	1.000000e+00	0.000000e+00	0.000000e+00
1.594590000000000e-06	1.000000e+00	0.000000e+00	0.000000e+00
1.595280000000000e-06	1.000000e+00	0.000000e+00	4.235165e-22
1.600800000000000e-06	1.000000e+00	0.000000e+00	-6.352747e-22
1.601490000000000e-06	1.000000e+00	0.000000e+00	0.000000e+00
1.608390000000000e-06	1.000000e+00	0.000000e+00	0.000000e+00
1.609080000000000e-06	1.000000e+00	0.000000e+00	4.235165e-22
1.614600000000000e-06	1.000000e+00	0.000000e+00	-6.352747e-22
1.615290000000000e-06	1.000000e+00	0.000000e+00	0.000000e+00
1.622190000000000e-06	1.000000e+00	0.000000e+00	0.000000e+00
1.622880000000000e-06	1.000000e+00	0.000000e+00	4.235165e-22
1.628400000000000e-06	1.000000e+00	0.000000e+00	-6.352747e-22
1.629090000000000e-06	1.000000e+00	0.000000e+00	0.000000e+00
1.635990000000000e-06	1.000000e+00	0.000000e+00	0.000000e+00
1.636680000000000e-06	1.000000e+00	0.000000e+00	4.235165e-22
1.642200000000000e-06	1.000000e+00	0.000000e+00	-6.352747e-22
1.642890000000000e-06	1.000000e+00	0.000000e+00	0.000000e+00
1.649790000000000e-06	1.000000e+00	0.000000e+00	0.000000e+00
1.650480000000000e-06	1.000000e+00	0.000000e+00	4.235165e-22
1.656000000000000e-06	1.000000e+00	0.000000e+00	-6.352747e-22
1.656690000000000e-06	1.000000e+00	0.000000e+00	0.000000e+00
1.663590000000000e-06	1.000000e+00	0.000000e+00	0.000000e+00
1.664280000000000e-06	1.000000e+00	0.000000e+00	4.235165e-22
1.669800000000000e-06	1.000000e+00	0.000000e+00	-6.352747e-22
1.670490000000000e-06	1.000000e+00	0.000000e+00	0.000000e+00
1.677390000000000e-06	1.000000e+00	0.000000e+00	0.000000e+00
1.678080000000000e-06	1.000000e+00	0.000000e+00	4.235165e-22
1.683600000000000e-06	1.000000e+00	0.000000e+00	-6.352747e-22
1.684290000000000e-06	1.000000e+00	0.000000e+00	0.000000e+00
1.691190000000000e-06	1.000000e+00	0.000000e+00	0.000000e+00
1.691880000000000e-06	1.000000e+00	0.000000e+00	4.235165e-22
1.697400000000000e-06	1.000000e+00	0.000000e+00	-6.352747e-22
1.698090000000000e-06	1.000000e+00	0.000000e+00	0.000000e+00
1.704990000000000e-06	1.000000e+00	0.000000e+00	0.000000e+00
1.705680000000000e-06	1.000000e+00	0.000000e+00	4.235165e-22
1.711200000000000e-06	1.000000e+00	0.000000e+00	-6.352747e-22
1.711890000000000e-06	1.000000e+00	0.000000e+00	0.000000e+00
1.718790000000000e-06	1.000000e+00	0.000000e+00	0.000000e+00
1.719480000000000e-06	1.000000e+00	0.000000e+00	4.235165e-22
1.725000000000000e-06	1.000000e+00	0.000000e+00	-6.352747e-22
1.725690000000000e-06	1.000000e+00	0.000000e+00	0.000000e+00
1.732590000000000e-06	1.000000e+00	0.000000e+00	0.000000e+00
1.733280000000000e-06	1.000000e+00	0.000000e+00	4.235165e-22
1.738800000000000e-06	1.000000e+00	0.000000e+00	-6.352747e-22
1.739490000000000e-06	1.000000e+00	0.000000e+00	0.000000e+00
1.746390000000000e-06	1.000000e+00	0.000000e+00	0.000000e+00
1.747080000000000e-06	1.000000e+00	0.000000e+00	4.235165e-22
1.752600000000000e-06	1.000000e+00	0.000000e+00	-6.352747e-22
1.753290000000000e-06	1.000000e+00	0.000000e+00	0.000000e+00
1.760190000000000e-06	1.000000e+00	0.000000e+00	0.000000e+00
1.760880000000000e-06	1.000000e+00	0.000000e+00	4.235165e-22
1.766400000000000e-06	1.000000e+00	0.000000e+00	-6.352747e-22
1.767090000000000e-06	1.000000e+00	0.000000e+00	0.000000e+00
1.773990000000000e-06	1.000000e+00	0.000000e+00	0.000000e+00
1.774680000000000e-06	1.000000e+00	0.000000e+00	4.235165e-22
1.780200000000000e-06	1.000000e+00	0.000000e+00	-6.352747e-22
1.780890000000000e-06	1.000000e+00	0.000000e+00	0.000000e+00
1.787790000000000e-06	1.000000e+00	0.000000e+00	0.000000e+00
1.788480000000000e-06	1.000000e+00	0.000000e+00	4.235165e-22
1.794000000000000e-06	1.000000e+00	0.000000e+00	-6.352747e-22
1.794690000000000e-06	1.000000e+00	0.000000e+00	0.000000e+00
1.801590000000000e-06	1.000000e+00	0.000000e+00	0.000000e+00
1.802280000000000e-06	1.000000e+00	0.000000e+00	4.235165e-22
1.807800000000000e-06	1.000000e+00	0.000000e+00	-6.352747e-22
1.808490000000000e-06	1.000000e+00	0.000000e+00	0.000000e+00
1.815390000000000e-06	1.000000e+00	0.000000e+00	0.000000e+00
1.816080000000000e-06	1.000000e+00	0.000000e+00	4.235165e-22
1.821600000000000e-06	1.000000e+00	0.000000e+00	-6.352747e-22
1.822290000000000e-06	1.000000e+00	0.000000e+00	0.000000e+00
1.829190000000000e-06	1.000000e+00	0.000000e+00	0.000000e+00
1.829880000000000e-06	1.000000e+00	0.000000e+00	4.235165e-22
1.835400000000000e-06	1.000000e+00	-6.938894e-18	-4.235165e-22
1.836090000000000e-06	1.000000e+00	1.387779e-17	0.000000e+00
1.842990000000000e-06	1.000000e+00	0.000000e+00	0.000000e+00
1.843680000000000e-06	1.000000e+00	0.000000e+00	8.470329e-22
1.849200000000000e-06	1.000000e+00	0.000000e+00	-6.352747e-22
1.849890000000000e-06	1.000000e+00	0.000000e+00	0.000000e+00
1.856790000000000e-06	1.000000e+00	0.000000e+00	0.000000e+00
1.857480000000000e-06	1.000000e+00	0.000000e+00	4.235165e-22
1.863000000000000e-06	1.000000e+00	0.000000e+00	-6.352747e-22
1.863690000000000e-06	1.000000e+00	0.000000e+00	0.000000e+00
1.870590000000000e-06	1.000000e+00	0.000000e+00	0.000000e+00
1.871280000000000e-06	1.000000e+00	0.000000e+00	4.235165e-22
1.876800000000000e-06	1.000000e+00	0.000000e+00	-6.352747e-22
1.877490000000000e-06	1.000000e+00	0.000000e+00	0.000000e+00
1.884390000000000e-06	1.000000e+00	0.000000e+00	0.000000e+00
1.885080000000000e-06	1.000000e+00	0.000000e+00	4.235165e-22
1.890600000000000e-06	1.000000e+00	0.000000e+00	-6.352747e-22
1.891290000000000e-06	1.000000e+00	0.000000e+00	0.000000e+00
1.898190000000000e-06	1.000000e+00	0.000000e+00	0.000000e+00
1.898880000000000e-06	1.000000e+00	0.000000e+00	4.235165e-22
1.904400000000000e-06	1.000000e+00	0.000000e+00	-6.352747e-22
1.905090000000000e-06	1.000000e+00	0.000000e+00	0.000000e+00
1.911990000000000e-06	1.000000e+00	0.000000e+00	0.000000e+00
1.912680000000000e-06	1.000000e+00	0.000000e+00	0.000000e+00
1.918200000000000e-06	1.000000e+00	-6.938894e-18	-8.470329e-22
1.918890000000000e-06	1.000000e+00	0.000000e+00	0.000000e+00
1.925790000000000e-06	1.000000e+00	-3.469447e-18	0.000000e+00
1.926480000000000e-06	1.000000e+00	0.000000e+00	0.000000e+00
1.932000000000000e-06	1.000000e+00	0.000000e+00	0.000000e+00
1.932690000000000e-06	1.000000e+00	1.387779e-17	0.000000e+00
1.939590000000000e-06	1.000000e+00	3.469447e-18	0.000000e+00
1.940280000000000e-06	1.000000e+00	0.000000e+00	-2.117582e-22
1.945800000000000e-06	1.000000e+00	-6.938894e-18	-4.235165e-22
1.946490000000000e-06	1.000000e+00	1.387779e-17	0.000000e+00
1.953390000000000e-06	1.000000e+00	0.000000e+00	0.000000e+00
1.954080000000000e-06	1.000000e+00	0.000000e+00	-2.117582e-22
1.959600000000000e-06	1.000000e+00	0.000000e+00	6.352747e-22
1.960290000000000e-06	1.000000e+00	1.387779e-17	0.000000e+00
1.967190000000000e-06	1.000000e+00	-3.469447e-18	0.000000e+00
1.967880000000000e-06	1.000000e+00	0.000000e+00	0.000000e+00
1.973400000000000e-06	1.000000e+00	-6.938894e-18	-8.470329e-22
1.974090000000000e-06	1.000000e+00	0.000000e+00	0.000000e+00
1.980990000000000e-06	1.000000e+00	-3.469447e-18	0.000000e+00
1.981680000000000e-06	1.000000e+00	0.000000e+00	0.000000e+00
1.987200000000000e-06	1.000000e+00	0.000000e+00	0.000000e+00
1.987890000000000e-06	1.000000e+00	1.387779e-17	0.000000e+00
1.994790000000000e-06	1.000000e+00	3.469447e-18	0.000000e+00
1.995480000000000e-06	1.000000e+00	0.000000e+00	-2.117582e-22
2.001000000000000e-06	1.000000e+00	-6.938894e-18	-4.235165e-22
2.001690000000000e-06	1.000000e+00	1.387779e-17	0.000000e+00
2.008590000000000e-06	1.000000e+00	0.000000e+00	0.000000e+00
2.009280000000000e-06	1.000000e+00	0.000000e+00	-2.117582e-22
2.014800000000000e-06	1.000000e+00	0.000000e+00	6.352747e-22
2.015490000000000e-06	1.000000e+00	1.387779e-17	0.000000e+00
2.022390000000000e-06	1.000000e+00	-3.469447e-18	0.000000e+00
2.023080000000000e-06	1.000000e+00	0.000000e+00	0.000000e+00
2.028600000000000e-06	1.000000e+00	-6.938894e-18	-8.470329e-22
2.029290000000000e-06	1.000000e+00	0.000000e+00	0.000000e+00
2.036190000000000e-06	1.000000e+00	-3.469447e-18	0.000000e+00
2.036880000000000e-06	1.000000e+00	0.000000e+00	0.000000e+00
2.042400000000000e-06	1.000000e+00	-6.938894e-18	-8.470329e-22
2.043090000000000e-06	1.000000e+00	0.000000e+00	0.000000e+00
2.049990000000000e-06	1.000000e+00	0.000000e+00	0.000000e+00
2.050680000000000e-06	1.000000e+00	0.000000e+00	-2.117582e-22
2.056200000000000e-06	1.000000e+00	0.000000e+00	6.352747e-22
2.056890000000000e-06	1.000000e+00	1.387779e-17	0.000000e+00
2.063790000000000e-06	1.000000e+00	-3.469447e-18	0.000000e+00
2.064480000000000e-06	1.000000e+00	0.000000e+00	0.000000e+00
2.070000000000000e-06	1.000000e+00	-6.938894e-18	-8.470329e-22
2.070690000000000e-06	1.000000e+00	0.000000e+00	0.000000e+00
2.077590000000000e-06	1.000000e+00	-3.469447e-18	0.000000e+00
2.078280000000000e-06	1.000000e+00	0.000000e+00	0.000000e+00
2.083800000000000e-06	1.000000e+00	0.000000e+00	0.000000e+00
2.084490000000000e-06	1.000000e+00	1.387779e-17	0.000000e+00
2.091390000000000e-06	1.000000e+00	3.469447e-18	0.000000e+00
2.092080000000000e-06	1.000000e+00	0.000000e+00	-2.117582e-22
2.097600000000000e-06	1.000000e+00	-6.938894e-18	-4.235165e-22
2.098290000000000e-06	1.000000e+00	1.387779e-17	0.000000e+00
2.105190000000000e-06	1.000000e+00	0.000000e+00	0.000000e+00
2.105880000000000e-06	1.000000e+00	0.000000e+00	-2.117582e-22
2.111400000000000e-06	1.000000e+00	0.000000e+00	6.352747e-22
2.112090000000000e-06	1.000000e+00	1.387779e-17	0.000000e+00
2.118990000000000e-06	1.000000e+00	-3.469447e-18	0.000000e+00
2.119680000000000e-06	1.000000e+00	0.000000e+00	0.000000e+00
2.125200000000000e-06	1.000000e+00	-6.938894e-18	-8.470329e-22
2.125890000000000e-06	1.000000e+00	0.000000e+00	0.000000e+00
2.132790000000000e-06	1.000000e+00	-3.469447e-18	0.000000e+00
2.133480000000000e-06	1.000000e+00	0.000000e+00	0.000000e+00
2.139000000000000e-06	1.000000e+00	0.000000e+00	0.000000e+00
2.139690000000000e-06	1.000000e+00	1.387779e-17	0.000000e+00
2.146590000000000e-06	1.000000e+00	3.469447e-18	0.000000e+00
2.147280000000000e-06	1.000000e+00	0.000000e+00	-2.117582e-22
2.152800000000000e-06	1.000000e+00	-6.938894e-18	-4.235165e-22
2.153490000000000e-06	1.000000e+00	1.387779e-17	0.000000e+00
2.160390000000000e-06	1.000000e+00	0.000000e+00	0.000000e+00
2.161080000000000e-06	1.000000e+00	0.000000e+00	-2.117582e-22
2.166600000000000e-06	1.000000e+00	0.000000e+00	6.352747e-22
2.167290000000000e-06	1.000000e+00	1.387779e-17	0.000000e+00
2.174190000000000e-06	1.000000e+00	-3.469447e-18	0.000000e+00
2.174880000000000e-06	1.000000e+00	0.000000e+00	0.000000e+00
2.180400000000000e-06	1.000000e+00	-6.938894e-18	-8.470329e-22
2.181090000000000e-06	1.000000e+00	0.000000e+00	0.000000e+00
2.187990000000000e-06	1.000000e+00	-3.469447e-18	0.000000e+00
2.188680000000000e-06	1.000000e+00	0.000000e+00	0.000000e+00
2.194200000000000e-06	1.000000e+00	-6.938894e-18	-8.470329e-22
2.194890000000000e-06	1.000000e+00	0.000000e+00	0.000000e+00
2.201790000000000e-06	1.000000e+00	0.000000e+00	0.000000e+00
2.202480000000000e-06	1.000000e+00	0.000000e+00	-2.117582e-22
2.208000000000000e-06	1.000000e+00	0.000000e+00	6.352747e-22
2.208690000000000e-06	1.000000e+00	1.387779e-17	0.000000e+00
2.215590000000000e-06	1.000000e+00	-3.469447e-18	0.000000e+00
2.216280000000000e-06	1.000000e+00	0.000000e+00	0.000000e+00
2.221800000000000e-06	1.000000e+00	-6.938894e-18	-8.470329e-22
2.222490000000000e-06	1.000000e+00	0.000000e+00	0.000000e+00
2.229390000000000e-06	1.000000e+00	-3.469447e-18	0.000000e+00
2.230080000000000e-06	1.000000e+00	0.000000e+00	0.000000e+00
2.235600000000000e-06	1.000000e+00	0.000000e+00	0.000000e+00
2.236290000000000e-06	1.000000e+00	1.387779e-17	0.000000e+00
2.243190000000000e-06	1.000000e+00	3.469447e-18	0.000000e+00
2.243880000000000e-06	1.000000e+00	0.000000e+00	-2.117582e-22
2.249400000000000e-06	1.000000e+00	-6.938894e-18	-4.235165e-22
2.250090000000000e-06	1.000000e+00	1.387779e-17	0.000000e+00
2.256990000000000e-06	1.000000e+00	0.000000e+00	0.000000e+00
2.257680000000000e-06	1.000000e+00	0.000000e+00	-2.117582e-22
2.263200000000000e-06	1.000000e+00	0.000000e+00	6.352747e-22
2.263890000000000e-06	1.000000e+00	1.387779e-17	0.000000e+00
2.270790000000000e-06	1.000000e+00	-3.469447e-18	0.000000e+00
2.271480000000000e-06	1.000000e+00	0.000000e+00	0.000000e+00
2.277000000000000e-06	1.000000e+00	-6.938894e-18	-8.470329e-22
2.277690000000000e-06	1.000000e+00	0.000000e+00	0.000000e+00
2.284590000000000e-06	1.000000e+00	-3.469447e-18	0.000000e+00
2.285280000000000e-06	1.000000e+00	0.000000e+00	0.000000e+00
2.290800000000000e-06	1.000000e+00	0.000000e+00	0.000000e+00
2.291490000000000e-06	1.000000e+00	1.387779e-17	0.000000e+00
2.298390000000000e-06	1.000000e+00	3.469447e-18	0.000000e+00
2.299080000000000e-06	1.000000e+00	0.000000e+00	-2.117582e-22
2.304600000000000e-06	1.000000e+00	-6.938894e-18	-4.235165e-22
2.305290000000000e-06	1.000000e+00	1.387779e-17	0.000000e+00
2.312190000000000e-06	1.000000e+00	0.000000e+00	0.000000e+00
2.312880000000000e-06	1.000000e+00	0.000000e+00	-2.117582e-22
2.318400000000000e-06	1.000000e+00	-6.938894e-18	-4.235165e-22
2.319090000000000e-06	1.000000e+00	1.387779e-17	0.000000e+00
2.319458460000000e-06	1.000000e+00	-1.040834e-17	0.000000e+00
2.325990000000000e-06	1.000000e+00	3.469447e-18	0.000000e+00
2.326680000000000e-06	1.000000e+00	0.000000e+00	-2.117582e-22
2.332200000000000e-06	1.000000e+00	0.000000e+00	6.352747e-22
2.332890000000000e-06	1.000000e+00	1.387779e-17	0.000000e+00
2.339790000000000e-06	1.000000e+00	-3.469447e-18	0.000000e+00
2.340480000000000e-06	1.000000e+00	0.000000e+00	0.000000e+00
2.346000000000000e-06	1.000000e+00	-6.938894e-18	-8.470329e-22
2.346690000000000e-06	1.000000e+00	0.000000e+00	0.000000e+00
2.353590000000000e-06	1.000000e+00	0.000000e+00	0.000000e+00
2.354280000000000e-06	1.000000e+00	0.000000e+00	-2.117582e-22
2.359800000000000e-06	1.000000e+00	0.000000e+00	6.352747e-22
2.360490000000000e-06	1.000000e+00	1.387779e-17	0.000000e+00
2.367390000000000e-06	1.000000e+00	-3.469447e-18	0.000000e+00
2.368080000000000e-06	1.000000e+00	0.000000e+00	0.000000e+00
2.373600000000000e-06	1.000000e+00	-6.938894e-18	-8.470329e-22
2.374290000000000e-06	1.000000e+00	0.000000e+00	0.000000e+00
2.381190000000000e-06	1.000000e+00	-3.469447e-18	0.000000e+00
2.381880000000000e-06	1.000000e+00	0.000000e+00	0.000000e+00
2.387400000000000e-06	1.000000e+00	0.000000e+00	0.000000e+00
2.388090000000000e-06	1.000000e+00	1.387779e-17	0.000000e+00
2.394990000000000e-06	1.000000e+00	3.469447e-18	0.000000e+00
2.395680000000000e-06	1.000000e+00	0.000000e+00	-2.117582e-22
2.401200000000000e-06	1.000000e+00	-6.938894e-18	-4.235165e-22
2.401890000000000e-06	1.000000e+00	1.387779e-17	0.000000e+00
2.408790000000000e-06	1.000000e+00	0.000000e+00	0.000000e+00
2.409480000000000e-06	1.000000e+00	0.000000e+00	-2.117582e-22
2.415000000000000e-06	1.000000e+00	0.000000e+00	6.352747e-22
2.415690000000000e-06	1.000000e+00	1.387779e-17	0.000000e+00
2.422590000000000e-06	1.000000e+00	-3.469447e-18	0.000000e+00
2.423280000000000e-06	1.000000e+00	0.000000e+00	0.000000e+00
2.428800000000000e-06	1.000000e+00	-6.938894e-18	-8.470329e-22
2.429490000000000e-06	1.000000e+00	0.000000e+00	0.000000e+00
2.436390000000000e-06	1.000000e+00	-3.469447e-18	0.000000e+00
2.437080000000000e-06	1.000000e+00	0.000000e+00	0.000000e+00
2.442600000000000e-06	1.000000e+00	0.000000e+00	0.000000e+00
2.443290000000000e-06	1.000000e+00	1.387779e-17	0.000000e+00
2.450190000000000e-06	1.000000e+00	3.469447e-18	0.000000e+00
2.450880000000000e-06	1.000000e+00	0.000000e+00	-2.117582e-22
2.456400000000000e-06	1.000000e+00	-6.938894e-18	-4.235165e-22
2.457090000000000e-06	1.000000e+00	1.387779e-17	0.000000e+00
2.463990000000000e-06	1.000000e+00	0.000000e+00	0.000000e+00
2.464680000000000e-06	1.000000e+00	0.000000e+00	-2.117582e-22
2.470200000000000e-06	1.000000e+00	-6.938894e-18	-4.235165e-22
2.470890000000000e-06	1.000000e+00	1.387779e-17	0.000000e+00
2.477790000000000e-06	1.000000e+00	3.469447e-18	0.000000e+00
2.478480000000000e-06	1.000000e+00	0.000000e+00	-2.117582e-22
2.484000000000000e-06	1.000000e+00	0.000000e+00	6.352747e-22
2.484690000000000e-06	1.000000e+00	1.387779e-17	0.000000e+00
2.491590000000000e-06	1.000000e+00	-3.469447e-18	0.000000e+00
2.492280000000000e-06	1.000000e+00	0.000000e+00	0.000000e+00
2.497800000000000e-06	1.000000e+00	-6.938894e-18	-8.470329e-22
2.498490000000000e-06	1.000000e+00	0.000000e+00	0.000000e+00
2.505390000000000e-06	1.000000e+00	0.000000e+00	0.000000e+00
2.506080000000000e-06	1.000000e+00	0.000000e+00	-2.117582e-22
2.511600000000000e-06	1.000000e+00	0.000000e+00	6.352747e-22
2.512290000000000e-06	1.000000e+00	1.387779e-17	0.000000e+00
2.519190000000000e-06	1.000000e+00	-3.469447e-18	0.000000e+00
2.519880000000000e-06	1.000000e+00	0.000000e+00	0.000000e+00
2.525400000000000e-06	1.000000e+00	-6.938894e-18	-8.470329e-22
2.526090000000000e-06	1.000000e+00	0.000000e+00	0.000000e+00
2.532990000000000e-06	1.000000e+00	-3.469447e-18	0.000000e+00
2.533680000000000e-06	1.000000e+00	0.000000e+00	0.000000e+00
2.539200000000000e-06	1.000000e+00	0.000000e+00	0.000000e+00
2.539890000000000e-06	1.000000e+00	1.387779e-17	0.000000e+00
2.546790000000000e-06	1.000000e+00	3.469447e-18	0.000000e+00
2.547480000000000e-06	1.000000e+00	0.000000e+00	-2.117582e-22
2.553000000000000e-06	1.000000e+00	-6.938894e-18	-4.235165e-22
2.553690000000000e-06	1.000000e+00	1.387779e-17	0.000000e+00
2.560590000000000e-06	1.000000e+00	0.000000e+00	0.000000e+00
2.561280000000000e-06	1.000000e+00	0.000000e+00	-2.117582e-22
2.566800000000000e-06	1.000000e+00	0.000000e+00	6.352747e-22
2.567490000000000e-06	1.000000e+00	1.387779e-17	0.000000e+00
2.574390000000000e-06	1.000000e+00	-3.469447e-18	0.000000e+00
2.575080000000000e-06	1.000000e+00	0.000000e+00	0.000000e+00
2.580600000000000e-06	1.000000e+00	-6.938894e-18	-8.470329e-22
2.581290000000000e-06	1.000000e+00	0.000000e+00	0.000000e+00
2.588190000000000e-06	1.000000e+00	-3.469447e-18	0.000000e+00
2.588880000000000e-06	1.000000e+00	0.000000e+00	0.000000e+00
2.594400000000000e-06	1.000000e+00	-6.938894e-18	-8.470329e-22
2.595090000000000e-06	1.000000e+00	0.000000e+00	0.000000e+00
2.601990000000000e-06	1.000000e+00	0.000000e+00	0.000000e+00
2.602680000000000e-06	1.000000e+00	0.000000e+00	-2.117582e-22
2.608200000000000e-06	1.000000e+00	0.000000e+00	6.352747e-22
2.608890000000000e-06	1.000000e+00	1.387779e-17	0.000000e+00
2.615790000000000e-06	1.000000e+00	-3.469447e-18	0.000000e+00
2.616480000000000e-06	1.000000e+00	0.000000e+00	0.000000e+00
2.622000000000000e-06	1.000000e+00	-6.938894e-18	-8.470329e-22
2.622690000000000e-06	1.000000e+00	0.000000e+00	0.000000e+00
2.629590000000000e-06	1.000000e+00	-3.469447e-18	0.000000e+00
2.630280000000000e-06	1.000000e+00	0.000000e+00	0.000000e+00
2.635800000000000e-06	1.000000e+00	0.000000e+00	0.000000e+00
2.636490000000000e-06	1.000000e+00	1.387779e-17	0.000000e+00
2.643390000000000e-06	1.000000e+00	3.469447e-18	0.000000e+00
2.644080000000000e-06	1.000000e+00	0.000000e+00	-2.117582e-22
2.649600000000000e-06	1.000000e+00	-6.938894e-18	-4.235165e-22
2.650290000000000e-06	1.000000e+00	1.387779e-17	0.000000e+00
2.657190000000000e-06	1.000000e+00	0.000000e+00	0.000000e+00
2.657880000000000e-06	1.000000e+00	0.000000e+00	-2.117582e-22
2.663400000000000e-06	1.000000e+00	0.000000e+00	6.352747e-22
2.664090000000000e-06	1.000000e+00	1.387779e-17	0.000000e+00
2.670990000000000e-06	1.000000e+00	-3.469447e-18	0.000000e+00
2.671680000000000e-06	1.000000e+00	0.000000e+00	0.000000e+00
2.677200000000000e-06	1.000000e+00	-6.938894e-18	-8.470329e-22
2.677890000000000e-06	1.000000e+00	0.000000e+00	0.000000e+00
2.684790000000000e-06	1.000000e+00	-3.469447e-18	0.000000e+00
2.685480000000000e-06	1.000000e+00	0.000000e+00	0.000000e+00
2.691000000000000e-06	1.000000e+00	0.000000e+00	0.000000e+00
2.691690000000000e-06	1.000000e+00	1.387779e-17	0.000000e+00
2.698590000000000e-06	1.000000e+00	3.469447e-18	0.000000e+00
2.699280000000000e-06	1.000000e+00	0.000000e+00	-2.117582e-22
2.704800000000000e-06	1.000000e+00	-6.938894e-18	-4.235165e-22
2.705490000000000e-06	1.000000e+00	1.387779e-17	0.000000e+00
2.712390000000000e-06	1.000000e+00	0.000000e+00	0.000000e+00
2.713080000000000e-06	1.000000e+00	0.000000e+00	-2.117582e-22
2.718600000000000e-06	1.000000e+00	-6.938894e-18	-4.235165e-22
2.719290000000000e-06	1.000000e+00	1.387779e-17	0.000000e+00
2.726190000000000e-06	1.000000e+00	3.469447e-18	0.000000e+00
2.726880000000000e-06	1.000000e+00	0.000000e+00	-2.117582e-22
2.732400000000000e-06	1.000000e+00	0.000000e+00	6.352747e-22
2.733090000000000e-06	1.000000e+00	1.387779e-17	0.000000e+00
2.739990000000000e-06	1.000000e+00	-3.469447e-18	0.000000e+00
2.740680000000000e-06	1.000000e+00	0.000000e+00	0.000000e+00
2.746200000000000e-06	1.000000e+00	-6.938894e-18	-8.470329e-22
2.746890000000000e-06	1.000000e+00	0.000000e+00	0.000000e+00
2.753790000000000e-06	1.000000e+00	0.000000e+00	0.000000e+00
2.754480000000000e-06	1.000000e+00	0.000000e+00	-2.117582e-22
2.760000000000000e-06	1.000000e+00	0.000000e+00	6.352747e-22
2.760690000000000e-06	1.000000e+00	1.387779e-17	0.000000e+00
2.767590000000000e-06	1.000000e+00	-3.469447e-18	0.000000e+00
2.768280000000000e-06	1.000000e+00	0.000000e+00	0.000000e+00
2.773800000000000e-06	1.000000e+00	-6.938894e-18	-8.470329e-22
2.774490000000000e-06	1.000000e+00	0.000000e+00	0.000000e+00
2.781390000000000e-06	1.000000e+00	-3.469447e-18	0.000000e+00
2.782080000000000e-06	1.000000e+00	0.000000e+00	0.000000e+00
2.787600000000000e-06	1.000000e+00	0.000000e+00	0.000000e+00
2.788290000000000e-06	1.000000e+00	1.387779e-17	0.000000e+00
2.792045808000016e-06	1.000000e+00	-1.156482e-18	0.000000e+00
2.795190000000000e-06	1.000000e+00	3.469447e-18	0.000000e+00
2.795880000000000e-06	1.000000e+00	0.000000e+00	-2.117582e-22
2.801400000000000e-06	1.000000e+00	-6.938894e-18	-4.235165e-22
2.802090000000000e-06	1.000000e+00	1.387779e-17	0.000000e+00
2.808990000000000e-06	1.000000e+00	0.000000e+00	0.000000e+00
2.809680000000000e-06	1.000000e+00	0.000000e+00	-2.117582e-22
2.815200000000000e-06	1.000000e+00	0.000000e+00	6.352747e-22
2.815890000000000e-06	1.000000e+00	1.387779e-17	0.000000e+00
2.822790000000000e-06	1.000000e+00	-3.469447e-18	0.000000e+00
2.823480000000000e-06	1.000000e+00	0.000000e+00	0.000000e+00
2.829000000000000e-06	1.000000e+00	-6.938894e-18	-8.470329e-22
2.829690000000000e-06	1.000000e+00	0.000000e+00	0.000000e+00
2.836590000000000e-06	1.000000e+00	-3.469447e-18	0.000000e+00
2.837280000000000e-06	1.000000e+00	0.000000e+00	0.000000e+00
2.842800000000000e-06	1.000000e+00	0.000000e+00	0.000000e+00
2.843490000000000e-06	1.000000e+00	1.387779e-17	0.000000e+00
2.850390000000000e-06	1.000000e+00	3.469447e-18	0.000000e+00
2.851080000000000e-06	1.000000e+00	0.000000e+00	-2.117582e-22
2.856600000000000e-06	1.000000e+00	-6.938894e-18	-4.235165e-22
2.857290000000000e-06	1.000000e+00	1.387779e-17	0.000000e+00
2.864190000000000e-06	1.000000e+00	0.000000e+00	0.000000e+00
2.864880000000000e-06	1.000000e+00	0.000000e+00	-2.117582e-22
2.870400000000000e-06	1.000000e+00	-6.938894e-18	-4.235165e-22
2.871090000000000e-06	1.000000e+00	1.387779e-17	0.000000e+00
2.877990000000000e-06	1.000000e+00	3.469447e-18	0.000000e+00
2.878680000000000e-06	1.000000e+00	0.000000e+00	-2.117582e-22
2.884200000000000e-06	1.000000e+00	0.000000e+00	6.352747e-22
2.884890000000000e-06	1.000000e+00	1.387779e-17	0.000000e+00
2.891790000000000e-06	1.000000e+00	-3.469447e-18	0.000000e+00
2.892480000000000e-06	1.000000e+00	0.000000e+00	0.000000e+00
2.898000000000000e-06	1.000000e+00	-6.938894e-18	-8.470329e-22
2.898690000000000e-06	1.000000e+00	0.000000e+00	0.000000e+00
2.905590000000000e-06	1.000000e+00	0.000000e+00	0.000000e+00
2.906280000000000e-06	1.000000e+00	0.000000e+00	-2.117582e-22
2.911800000000000e-06	1.000000e+00	0.000000e+00	6.352747e-22
2.912490000000000e-06	1.000000e+00	1.387779e-17	0.000000e+00
2.919390000000000e-06	1.000000e+00	-3.469447e-18	0.000000e+00
2.920080000000000e-06	1.000000e+00	0.000000e+00	0.000000e+00
2.925600000000000e-06	1.000000e+00	-6.938894e-18	-8.470329e-22
2.926290000000000e-06	1.000000e+00	0.000000e+00	0.000000e+00
2.933190000000000e-06	1.000000e+00	-3.469447e-18	0.000000e+00
2.933880000000000e-06	1.000000e+00	0.000000e+00	0.000000e+00
2.939400000000000e-06	1.000000e+00	0.000000e+00	0.000000e+00
2.940090000000000e-06	1.000000e+00	1.387779e-17	0.000000e+00
2.946990000000000e-06	1.000000e+00	3.469447e-18	0.000000e+00
2.947680000000000e-06	1.000000e+00	0.000000e+00	-2.117582e-22
2.953200000000000e-06	1.000000e+00	-6.938894e-18	-4.235165e-22
2.953890000000000e-06	1.000000e+00	1.387779e-17	0.000000e+00
2.960790000000000e-06	1.000000e+00	0.000000e+00	0.000000e+00
2.961480000000000e-06	1.000000e+00	0.000000e+00	-2.117582e-22
2.967000000000000e-06	1.000000e+00	0.000000e+00	6.352747e-22
2.967690000000000e-06	1.000000e+00	1.387779e-17	0.000000e+00
2.974590000000000e-06	1.000000e+00	-3.469447e-18	0.000000e+00
2.975280000000000e-06	1.000000e+00	0.000000e+00	0.000000e+00
2.980800000000000e-06	1.000000e+00	-6.938894e-18	-8.470329e-22
2.981490000000000e-06	1.000000e+00	0.000000e+00	0.000000e+00
2.988390000000000e-06	1.000000e+00	-3.469447e-18	0.000000e+00
2.989080000000000e-06	1.000000e+00	0.000000e+00	0.000000e+00
2.994600000000000e-06	1.000000e+00	-6.938894e-18	-8.470329e-22
2.995290000000000e-06	1.000000e+00	0.000000e+00	0.000000e+00
3.002190000000000e-06	1.000000e+00	0.000000e+00	0.000000e+00
3.002880000000000e-06	1.000000e+00	0.000000e+00	-2.117582e-22
3.008400000000000e-06	1.000000e+00	0.000000e+00	6.352747e-22
3.009090000000000e-06	1.000000e+00	1.387779e-17	0.000000e+00
3.015990000000000e-06	1.000000e+00	-3.469447e-18	0.000000e+00
3.016680000000000e-06	1.000000e+00	0.000000e+00	0.000000e+00
3.022200000000000e-06	1.000000e+00	-6.938894e-18	-8.470329e-22
3.022890000000000e-06	1.000000e+00	0.000000e+00	0.000000e+00
3.029790000000000e-06	1.000000e+00	-3.469447e-18	0.000000e+00
3.030480000000000e-06	1.000000e+00	0.000000e+00	0.000000e+00
3.036000000000000e-06	1.000000e+00	0.000000e+00	0.000000e+00
3.036690000000000e-06	1.000000e+00	1.387779e-17	0.000000e+00
3.043590000000000e-06	1.000000e+00	3.469447e-18	0.000000e+00
3.044280000000000e-06	1.000000e+00	0.000000e+00	-2.117582e-22
3.049800000000000e-06	1.000000e+00	-6.938894e-18	-4.235165e-22
3.050490000000000e-06	1.000000e+00	1.387779e-17	0.000000e+00
3.057390000000000e-06	1.000000e+00	0.000000e+00	0.000000e+00
3.058080000000000e-06	1.000000e+00	0.000000e+00	-2.117582e-22
3.063600000000000e-06	1.000000e+00	0.000000e+00	6.352747e-22
3.064290000000000e-06	1.000000e+00	1.387779e-17	0.000000e+00
3.071190000000000e-06	1.000000e+00	-3.469447e-18	0.000000e+00
3.071880000000000e-06	1.000000e+00	0.000000e+00	0.000000e+00
3.077400000000000e-06	1.000000e+00	-6.938894e-18	-8.470329e-22
3.078090000000000e-06	1.000000e+00	0.000000e+00	0.000000e+00
3.084990000000000e-06	1.000000e+00	-3.469447e-18	0.000000e+00
3.085680000000000e-06	1.000000e+00	0.000000e+00	0.000000e+00
3.091200000000000e-06	1.000000e+00	0.000000e+00	0.000000e+00
3.091890000000000e-06	1.000000e+00	1.387779e-17	0.000000e+00
3.098790000000000e-06	1.000000e+00	3.469447e-18	0.000000e+00
3.099480000000000e-06	1.000000e+00	0.000000e+00	-2.117582e-22
3.105000000000000e-06	1.000000e+00	-6.938894e-18	-4.235165e-22
3.105690000000000e-06	1.000000e+00	1.387779e-17	0.000000e+00
3.112590000000000e-06	1.000000e+00	0.000000e+00	0.000000e+00
3.113280000000000e-06	1.000000e+00	0.000000e+00	-2.117582e-22
3.118800000000000e-06	1.000000e+00	0.000000e+00	6.352747e-22
3.119490000000000e-06	1.000000e+00	1.387779e-17	0.000000e+00
3.126390000000000e-06	1.000000e+00	-3.469447e-18	0.000000e+00
3.127080000000000e-06	1.000000e+00	0.000000e+00	0.000000e+00
3.132600000000000e-06	1.000000e+00	-6.938894e-18	-8.470329e-22
3.133290000000000e-06	1.000000e+00	0.000000e+00	0.000000e+00
3.140190000000000e-06	1.000000e+00	-3.469447e-18	0.000000e+00
3.140880000000000e-06	1.000000e+00	0.000000e+00	0.000000e+00
3.146400000000000e-06	1.000000e+00	-6.938894e-18	-8.470329e-22
3.147090000000000e-06	1.000000e+00	0.000000e+00	0.000000e+00
3.153990000000000e-06	1.000000e+00	0.000000e+00	0.000000e+00
3.154680000000000e-06	1.000000e+00	0.000000e+00	-2.117582e-22
3.160200000000000e-06	1.000000e+00	0.000000e+00	6.352747e-22
3.160890000000000e-06	1.000000e+00	1.387779e-17	0.000000e+00
3.167790000000000e-06	1.000000e+00	-3.469447e-18	0.000000e+00
3.168480000000000e-06	1.000000e+00	0.000000e+00	0.000000e+00
3.174000000000000e-06	1.000000e+00	-6.938894e-18	-8.470329e-22
3.174690000000000e-06	1.000000e+00	0.000000e+00	0.000000e+00
3.181590000000000e-06	1.000000e+00	-3.469447e-18	0.000000e+00
3.182280000000000e-06	1.000000e+00	0.000000e+00	0.000000e+00
3.187800000000000e-06	1.000000e+00	0.000000e+00	0.000000e+00
3.188490000000000e-06	1.000000e+00	1.387779e-17	0.000000e+00
3.195390000000000e-06	1.000000e+00	3.469447e-18	0.000000e+00
3.196080000000000e-06	1.000000e+00	0.000000e+00	-2.117582e-22
3.201600000000000e-06	1.000000e+00	-6.938894e-18	-4.235165e-22
3.202290000000000e-06	1.000000e+00	1.387779e-17	0.000000e+00
3.209190000000000e-06	1.000000e+00	0.000000e+00	0.000000e+00
3.209880000000000e-06	1.000000e+00	0.000000e+00	-2.117582e-22
3.215400000000000e-06	1.000000e+00	0.000000e+00	6.352747e-22
3.216090000000000e-06	1.000000e+00	1.387779e-17	0.000000e+00
3.222990000000000e-06	1.000000e+00	-3.469447e-18	0.000000e+00
3.223680000000000e-06	1.000000e+00	0.000000e+00	0.000000e+00
3.229200000000000e-06	1.000000e+00	-6.938894e-18	-8.470329e-22
3.229890000000000e-06	1.000000e+00	0.000000e+00	0.000000e+00
3.236790000000000e-06	1.000000e+00	-3.469447e-18	0.000000e+00
3.237480000000000e-06	1.000000e+00	0.000000e+00	0.000000e+00
3.243000000000000e-06	1.000000e+00	0.000000e+00	0.000000e+00
3.243690000000000e-06	1.000000e+00	1.387779e-17	0.000000e+00
3.250590000000000e-06	1.000000e+00	3.469447e-18	0.000000e+00
3.251280000000000e-06	1.000000e+00	0.000000e+00	-2.117582e-22
3.256800000000000e-06	1.000000e+00	-6.938894e-18	-4.235165e-22
3.257490000000000e-06	1.000000e+00	1.387779e-17	0.000000e+00
3.264390000000000e-06	1.000000e+00	0.000000e+00	0.000000e+00
3.265080000000000e-06	1.000000e+00	0.000000e+00	-2.117582e-22
3.270600000000000e-06	1.000000e+00	-6.938894e-18	-4.235165e-22
3.271290000000000e-06	1.000000e+00	1.387779e-17	0.000000e+00
3.278190000000000e-06	1.000000e+00	3.469447e-18	0.000000e+00
3.278880000000000e-06	1.000000e+00	0.000000e+00	-2.117582e-22
3.284400000000000e-06	1.000000e+00	0.000000e+00	6.352747e-22
3.285090000000000e-06	1.000000e+00	1.387779e-17	0.000000e+00
3.291990000000000e-06	1.000000e+00	-3.469447e-18	0.000000e+00
3.292680000000000e-06	1.000000e+00	0.000000e+00	0.000000e+00
3.298200000000000e-06	1.000000e+00	-6.938894e-18	-8.470329e-22
3.298890000000000e-06	1.000000e+00	0.000000e+00	0.000000e+00
3.305790000000000e-06	1.000000e+00	0.000000e+00	0.000000e+00
3.306480000000000e-06	1.000000e+00	0.000000e+00	-2.117582e-22
3.312000000000000e-06	1.000000e+00	0.000000e+00	6.352747e-22
3.312690000000000e-06	1.000000e+00	1.387779e-17	0.000000e+00
3.319590000000000e-06	1.000000e+00	-3.469447e-18	0.000000e+00
3.320280000000000e-06	1.000000e+00	0.000000e+00	0.000000e+00
3.325800000000000e-06	1.000000e+00	-6.938894e-18	-8.470329e-22
3.326490000000000e-06	1.000000e+00	0.000000e+00	0.000000e+00
3.333390000000000e-06	1.000000e+00	-3.469447e-18	0.000000e+00
3.334080000000000e-06	1.000000e+00	0.000000e+00	0.000000e+00
3.339600000000000e-06	1.000000e+00	0.000000e+00	0.000000e+00
3.340290000000000e-06	1.000000e+00	1.387779e-17	0.000000e+00
3.347190000000000e-06	1.000000e+00	3.469447e-18	0.000000e+00
3.347880000000000e-06	1.000000e+00	0.000000e+00	-2.117582e-22
3.353400000000000e-06	1.000000e+00	-6.938894e-18	-4.235165e-22
3.354090000000000e-06	1.000000e+00	1.387779e-17	0.000000e+00
3.360990000000000e-06	1.000000e+00	0.000000e+00	0.000000e+00
3.361680000000000e-06	1.000000e+00	0.000000e+00	-2.117582e-22
3.367200000000000e-06	1.000000e+00	0.000000e+00	6.352747e-22
3.367890000000000e-06	1.000000e+00	1.387779e-17	0.000000e+00
3.374790000000000e-06	1.000000e+00	-3.469447e-18	0.000000e+00
3.375480000000000e-06	1.000000e+00	0.000000e+00	0.000000e+00
3.381000000000000e-06	1.000000e+00	-6.938894e-18	-8.470329e-22
3.381690000000000e-06	1.000000e+00	0.000000e+00	0.000000e+00
3.388590000000000e-06	1.000000e+00	-3.469447e-18	0.000000e+00
3.389280000000000e-06	1.000000e+00	0.000000e+00	0.000000e+00
3.394800000000000e-06	1.000000e+00	0.000000e+00	0.000000e+00
3.395490000000000e-06	1.000000e+00	1.387779e-17	0.000000e+00
3.402390000000000e-06	1.000000e+00	3.469447e-18	0.000000e+00
3.403080000000000e-06	1.000000e+00	0.000000e+00	-2.117582e-22
3.408600000000000e-06	1.000000e+00	-6.938894e-18	-4.235165e-22
3.409290000000000e-06	1.000000e+00	1.387779e-17	0.000000e+00
3.416190000000000e-06	1.000000e+00	0.000000e+00	0.000000e+00
3.416880000000000e-06	1.000000e+00	0.000000e+00	-2.117582e-22
3.422400000000000e-06	1.000000e+00	-6.938894e-18	-4.235165e-22
3.423090000000000e-06	1.000000e+00	1.387779e-17	0.000000e+00
3.429990000000000e-06	1.000000e+00	3.469447e-18	0.000000e+00
3.430680000000000e-06	1.000000e+00	0.000000e+00	-2.117582e-22
3.436200000000000e-06	1.000000e+00	0.000000e+00	6.352747e-22
3.436890000000000e-06	1.000000e+00	1.387779e-17	0.000000e+00
3.443790000000000e-06	1.000000e+00	-3.469447e-18	0.000000e+00
3.444480000000000e-06	1.000000e+00	0.000000e+00	0.000000e+00
3.450000000000000e-06	1.000000e+00	-6.938894e-18	-8.470329e-22
3.450690000000000e-06	1.000000e+00	0.000000e+00	0.000000e+00
3.457590000000000e-06	1.000000e+00	0.000000e+00	0.000000e+00
3.458280000000000e-06	1.000000e+00	0.000000e+00	-2.117582e-22
3.463800000000000e-06	1.000000e+00	0.000000e+00	6.352747e-22
3.464490000000000e-06	1.000000e+00	1.387779e-17	0.000000e+00
3.471390000000000e-06	1.000000e+00	-3.469447e-18	0.000000e+00
3.472080000000000e-06	1.000000e+00	0.000000e+00	0.000000e+00
3.477600000000000e-06	1.000000e+00	-6.938894e-18	-8.470329e-22
3.478290000000000e-06	1.000000e+00	0.000000e+00	0.000000e+00
3.485190000000000e-06	1.000000e+00	-3.469447e-18	0.000000e+00
3.485880000000000e-06	1.000000e+00	0.000000e+00	0.000000e+00
3.491400000000000e-06	1.000000e+00	0.000000e+00	0.000000e+00
3.492090000000000e-06	1.000000e+00	1.387779e-17	0.000000e+00
3.498990000000000e-06	1.000000e+00	3.469447e-18	0.000000e+00
3.499680000000000e-06	1.000000e+00	0.000000e+00	-2.117582e-22
3.505200000000000e-06	1.000000e+00	-6.938894e-18	-4.235165e-22
3.505890000000000e-06	1.000000e+00	1.387779e-17	0.000000e+00
3.512790000000000e-06	1.000000e+00	0.000000e+00	0.000000e+00
3.513480000000000e-06	1.000000e+00	0.000000e+00	-2.117582e-22
3.519000000000000e-06	1.000000e+00	0.000000e+00	6.352747e-22
3.519690000000000e-06	1.000000e+00	1.387779e-17	0.000000e+00
3.526590000000000e-06	1.000000e+00	-3.469447e-18	0.000000e+00
3.527280000000000e-06	1.000000e+00	0.000000e+00	0.000000e+00
3.532800000000000e-06	1.000000e+00	-6.938894e-18	-8.470329e-22
3.533490000000000e-06	1.000000e+00	0.000000e+00	0.000000e+00
3.540390000000000e-06	1.000000e+00	-3.469447e-18	0.000000e+00
3.541080000000000e-06	1.000000e+00	0.000000e+00	0.000000e+00
3.546600000000000e-06	1.000000e+00	-6.938894e-18	-8.470329e-22
3.547290000000000e-06	1.000000e+00	0.000000e+00	0.000000e+00
3.554190000000000e-06	1.000000e+00	0.000000e+00	0.000000e+00
3.554880000000000e-06	1.000000e+00	0.000000e+00	-2.117582e-22
3.560400000000000e-06	1.000000e+00	0.000000e+00	6.352747e-22
3.561090000000000e-06	1.000000e+00	1.387779e-17	0.000000e+00
3.567990000000000e-06	1.000000e+00	-3.469447e-18	0.000000e+00
3.568680000000000e-06	1.000000e+00	0.000000e+00	0.000000e+00
3.574200000000000e-06	1.000000e+00	-6.938894e-18	-8.470329e-22
3.574890000000000e-06	1.000000e+00	0.000000e+00	0.000000e+00
3.581790000000000e-06	1.000000e+00	-3.469447e-18	0.000000e+00
3.582480000000000e-06	1.000000e+00	0.000000e+00	0.000000e+00
3.588000000000000e-06	1.000000e+00	0.000000e+00	0.000000e+00
3.588690000000000e-06	1.000000e+00	1.387779e-17	0.000000e+00
3.595590000000000e-06	1.000000e+00	3.469447e-18	0.000000e+00
3.596280000000000e-06	1.000000e+00	0.000000e+00	-2.117582e-22
3.601800000000000e-06	1.000000e+00	-6.938894e-18	-4.235165e-22
3.602490000000000e-06	1.000000e+00	1.387779e-17	0.000000e+00
3.609390000000000e-06	1.000000e+00	0.000000e+00	0.000000e+00
3.610080000000000e-06	1.000000e+00	0.000000e+00	-2.117582e-22
3.615600000000000e-06	1.000000e+00	0.000000e+00	6.352747e-22
3.616290000000000e-06	1.000000e+00	1.387779e-17	0.000000e+00
3.623190000000000e-06	1.000000e+00	-3.469447e-18	0.000000e+00
3.623880000000000e-06	1.000000e+00	0.000000e+00	0.000000e+00
3.629400000000000e-06	1.000000e+00	-6.938894e-18	-8.470329e-22
3.630090000000000e-06	1.000000e+00	0.000000e+00	0.000000e+00
3.636990000000000e-06	1.000000e+00	-3.469447e-18	0.000000e+00
3.637680000000000e-06	1.000000e+00	0.000000e+00	0.000000e+00
3.643200000000000e-06	1.000000e+00	0.000000e+00	0.000000e+00
3.643890000000000e-06	1.000000e+00	1.387779e-17	0.000000e+00
3.650790000000000e-06	1.000000e+00	3.469447e-18	0.000000e+00
3.651480000000000e-06	1.000000e+00	0.000000e+00	-2.117582e-22
3.657000000000000e-06	1.000000e+00	-6.938894e-18	-4.235165e-22
3.657690000000000e-06	1.000000e+00	1.387779e-17	0.000000e+00
3.664590000000000e-06	1.000000e+00	0.000000e+00	0.000000e+00
3.665280000000000e-06	1.000000e+00	0.000000e+00	-2.117582e-22
3.670800000000000e-06	1.000000e+00	-6.938894e-18	-4.235165e-22
3.671490000000000e-06	1.000000e+00	1.387779e-17	0.000000e+00
3.678390000000000e-06	1.000000e+00	3.469447e-18	0.000000e+00
3.679080000000000e-06	1.000000e+00	0.000000e+00	-2.117582e-22
3.684600000000000e-06	1.000000e+00	0.000000e+00	6.352747e-22
3.685290000000000e-06	1.000000e+00	1.387779e-17	0.000000e+00
3.692190000000000e-06	1.000000e+00	-3.469447e-18	0.000000e+00
3.692880000000000e-06	1.000000e+00	0.000000e+00	0.000000e+00
3.698400000000000e-06	1.000000e+00	-6.938894e-18	-8.470329e-22
3.699090000000000e-06	1.000000e+00	0.000000e+00	0.000000e+00
3.705990000000000e-06	1.000000e+00	0.000000e+00	0.000000e+00
3.706680000000000e-06	1.000000e+00	0.000000e+00	-2.117582e-22
3.712200000000000e-06	1.000000e+00	0.000000e+00	6.352747e-22
3.712890000000000e-06	1.000000e+00	1.387779e-17	0.000000e+00
3.719790000000000e-06	1.000000e+00	-3.469447e-18	0.000000e+00
3.720480000000000e-06	1.000000e+00	0.000000e+00	0.000000e+00
3.726000000000000e-06	1.000000e+00	-6.938894e-18	-8.470329e-22
3.726690000000000e-06	1.000000e+00	0.000000e+00	0.000000e+00
3.733590000000000e-06	1.000000e+00	-3.469447e-18	0.000000e+00
3.734280000000000e-06	1.000000e+00	0.000000e+00	0.000000e+00
3.739800000000000e-06	1.000000e+00	0.000000e+00	0.000000e+00
3.740490000000000e-06	1.000000e+00	1.387779e-17	0.000000e+00
3.747390000000000e-06	1.000000e+00	3.469447e-18	0.000000e+00
3.748080000000000e-06	1.000000e+00	0.000000e+00	-2.117582e-22
3.753600000000000e-06	1.000000e+00	-6.938894e-18	-4.235165e-22
3.754290000000000e-06	1.000000e+00	1.387779e-17	0.000000e+00
3.761190000000000e-06	1.000000e+00	0.000000e+00	0.000000e+00
3.761880000000000e-06	1.000000e+00	0.000000e+00	-2.117582e-22
3.767400000000000e-06	1.000000e+00	0.000000e+00	6.352747e-22
3.768090000000000e-06	1.000000e+00	1.387779e-17	0.000000e+00
3.774990000000000e-06	1.000000e+00	-3.469447e-18	0.000000e+00
3.775680000000000e-06	1.000000e+00	0.000000e+00	0.000000e+00
3.781200000000000e-06	1.000000e+00	-6.938894e-18	-8.470329e-22
3.781890000000000e-06	1.000000e+00	0.000000e+00	0.000000e+00
3.788790000000000e-06	1.000000e+00	-3.469447e-18	0.000000e+00
3.789480000000000e-06	1.000000e+00	0.000000e+00	0.000000e+00
3.795000000000000e-06	1.000000e+00	0.000000e+00	0.000000e+00
3.795690000000000e-06	1.000000e+00	1.387779e-17	0.000000e+00
3.802590000000000e-06	1.000000e+00	3.469447e-18	0.000000e+00
3.803280000000000e-06	1.000000e+00	0.000000e+00	-2.117582e-22
3.808800000000000e-06	1.000000e+00	-6.938894e-18	-4.235165e-22
3.809490000000000e-06	1.000000e+00	1.387779e-17	0.000000e+00
3.816390000000000e-06	1.000000e+00	3.469447e-18	0.000000e+00
3.817080000000000e-06	1.000000e+00	0.000000e+00	2.117582e-22
3.822600000000000e-06	1.000000e+00	-6.938894e-18	-1.058791e-21
3.823290000000000e-06	1.000000e+00	2.775558e-17	0.000000e+00
3.830189999999999e-06	1.000000e+00	3.469447e-18	0.000000e+00
3.830879999999999e-06	1.000000e+00	0.000000e+00	2.117582e-22
3.836399999999999e-06	1.000000e+00	-6.938894e-18	-1.058791e-21
3.837089999999999e-06	1.000000e+00	2.775558e-17	0.000000e+00
3.843990000000000e-06	1.000000e+00	3.469447e-18	0.000000e+00
3.844680000000000e-06	1.000000e+00	0.000000e+00	-2.117582e-22
3.850200000000000e-06	1.000000e+00	-6.938894e-18	-4.235165e-22
3.850890000000000e-06	1.000000e+00	1.387779e-17	0.000000e+00
3.857790000000000e-06	1.000000e+00	-3.469447e-18	0.000000e+00
3.858480000000000e-06	1.000000e+00	0.000000e+00	-2.117582e-22
3.864000000000000e-06	1.000000e+00	-6.938894e-18	-8.470329e-22
3.864690000000000e-06	1.000000e+00	4.163336e-17	0.000000e+00
3.871590000000000e-06	1.000000e+00	3.469447e-18	0.000000e+00
3.872280000000000e-06	1.000000e+00	0.000000e+00	-2.117582e-22
3.877800000000000e-06	1.000000e+00	-6.938894e-18	-4.235165e-22
3.878490000000000e-06	1.000000e+00	1.387779e-17	0.000000e+00
3.885389999999999e-06	1.000000e+00	-3.469447e-18	0.000000e+00
3.886079999999999e-06	1.000000e+00	0.000000e+00	-2.117582e-22
3.891599999999999e-06	1.000000e+00	-6.938894e-18	-8.470329e-22
3.892289999999999e-06	1.000000e+00	1.387779e-17	0.000000e+00
3.899190000000000e-06	1.000000e+00	0.000000e+00	0.000000e+00
3.899880000000000e-06	1.000000e+00	0.000000e+00	0.000000e+00
3.905400000000000e-06	1.000000e+00	-6.938894e-18	-8.470329e-22
3.906090000000000e-06	1.000000e+00	4.163336e-17	0.000000e+00
3.912990000000000e-06	1.000000e+00	3.469447e-18	0.000000e+00
3.913680000000000e-06	1.000000e+00	0.000000e+00	2.117582e-22
3.919200000000000e-06	1.000000e+00	-6.938894e-18	-1.058791e-21
3.919890000000000e-06	1.000000e+00	2.775558e-17	0.000000e+00
3.926790000000000e-06	1.000000e+00	3.469447e-18	0.000000e+00
3.927480000000000e-06	1.000000e+00	0.000000e+00	2.117582e-22
3.932999999999999e-06	1.000000e+00	-6.938894e-18	-1.058791e-21
3.933689999999999e-06	1.000000e+00	2.775558e-17	0.000000e+00
3.940589999999999e-06	1.000000e+00	3.469447e-18	0.000000e+00
3.941279999999999e-06	1.000000e+00	0.000000e+00	2.117582e-22
3.946799999999999e-06	1.000000e+00	-6.938894e-18	-1.058791e-21
3.947489999999999e-06	1.000000e+00	2.775558e-17	0.000000e+00
3.954390000000000e-06	1.000000e+00	3.469447e-18	0.000000e+00
3.955080000000000e-06	1.000000e+00	0.000000e+00	-2.117582e-22
3.960600000000000e-06	1.000000e+00	-6.938894e-18	-4.235165e-22
3.961290000000000e-06	1.000000e+00	1.387779e-17	0.000000e+00
3.968190000000000e-06	1.000000e+00	-3.469447e-18	0.000000e+00
3.968880000000000e-06	1.000000e+00	0.000000e+00	-2.117582e-22
3.974400000000000e-06	1.000000e+00	-6.938894e-18	-8.470329e-22
3.975090000000000e-06	1.000000e+00	4.163336e-17	0.000000e+00
3.981989999999999e-06	1.000000e+00	3.469447e-18	0.000000e+00
3.982679999999999e-06	1.000000e+00	0.000000e+00	-2.117582e-22
3.988199999999999e-06	1.000000e+00	-6.938894e-18	-4.235165e-22
3.988889999999999e-06	1.000000e+00	2.775558e-17	0.000000e+00
3.995790000000000e-06	1.000000e+00	0.000000e+00	0.000000e+00
3.996480000000000e-06	1.000000e+00	0.000000e+00	0.000000e+00
4.002000000000000e-06	1.000000e+00	-6.938894e-18	-8.470329e-22
4.002690000000000e-06	1.000000e+00	4.163336e-17	0.000000e+00
4.009590000000000e-06	1.000000e+00	3.469447e-18	0.000000e+00
4.010280000000000e-06	1.000000e+00	0.000000e+00	2.117582e-22
4.015800000000000e-06	1.000000e+00	-6.938894e-18	-1.058791e-21
4.016490000000000e-06	1.000000e+00	2.775558e-17	0.000000e+00
4.023390000000000e-06	1.000000e+00	3.469447e-18	0.000000e+00
4.024080000000000e-06	1.000000e+00	0.000000e+00	2.117582e-22
4.029600000000000e-06	1.000000e+00	-6.938894e-18	-1.058791e-21
4.030289999999999e-06	1.000000e+00	2.775558e-17	0.000000e+00
4.037189999999999e-06	1.000000e+00	3.469447e-18	0.000000e+00
4.037879999999999e-06	1.000000e+00	0.000000e+00	2.117582e-22
4.043399999999999e-06	1.000000e+00	-6.938894e-18	-1.058791e-21
4.044089999999999e-06	1.000000e+00	2.775558e-17	0.000000e+00
4.050990000000000e-06	1.000000e+00	3.469447e-18	0.000000e+00
4.051680000000000e-06	1.000000e+00	0.000000e+00	-2.117582e-22
4.057200000000000e-06	1.000000e+00	-6.938894e-18	-4.235165e-22
4.057890000000000e-06	1.000000e+00	1.387779e-17	0.000000e+00
4.064790000000000e-06	1.000000e+00	-3.469447e-18	0.000000e+00
4.065480000000000e-06	1.000000e+00	0.000000e+00	-2.117582e-22
4.071000000000000e-06	1.000000e+00	-6.938894e-18	-8.470329e-22
4.071690000000000e-06	1.000000e+00	4.163336e-17	0.000000e+00
4.078590000000000e-06	1.000000e+00	3.469447e-18	0.000000e+00
4.079280000000000e-06	1.000000e+00	0.000000e+00	-2.117582e-22
4.084799999999999e-06	1.000000e+00	-6.938894e-18	-4.235165e-22
4.085489999999999e-06	1.000000e+00	2.775558e-17	0.000000e+00
4.092390000000000e-06	1.000000e+00	0.000000e+00	0.000000e+00
4.093080000000000e-06	1.000000e+00	0.000000e+00	0.000000e+00
4.098600000000000e-06	1.000000e+00	-6.938894e-18	-8.470329e-22
4.099290000000000e-06	1.000000e+00	4.163336e-17	0.000000e+00
4.106190000000000e-06	1.000000e+00	3.469447e-18	0.000000e+00
4.106880000000000e-06	1.000000e+00	0.000000e+00	2.117582e-22
4.112400000000000e-06	1.000000e+00	-6.938894e-18	-1.058791e-21
4.113090000000000e-06	1.000000e+00	2.775558e-17	0.000000e+00
4.119990000000000e-06	1.000000e+00	3.469447e-18	0.000000e+00
4.120680000000000e-06	1.000000e+00	0.000000e+00	2.117582e-22
4.126200000000000e-06	1.000000e+00	-6.938894e-18	-1.058791e-21
4.126890000000000e-06	1.000000e+00	2.775558e-17	0.000000e+00
4.133789999999999e-06	1.000000e+00	3.469447e-18	0.000000e+00
4.134479999999999e-06	1.000000e+00	0.000000e+00	2.117582e-22
4.139999999999999e-06	1.000000e+00	-6.938894e-18	-1.058791e-21
4.140689999999999e-06	1.000000e+00	2.775558e-17	0.000000e+00
4.147590000000000e-06	1.000000e+00	3.469447e-18	0.000000e+00
4.148280000000000e-06	1.000000e+00	0.000000e+00	-2.117582e-22
4.153800000000000e-06	1.000000e+00	-6.938894e-18	-4.235165e-22
4.154490000000000e-06	1.000000e+00	1.387779e-17	0.000000e+00
4.161390000000000e-06	1.000000e+00	-3.469447e-18	0.000000e+00
4.162080000000000e-06	1.000000e+00	0.000000e+00	-2.117582e-22
4.167600000000000e-06	1.000000e+00	-6.938894e-18	-8.470329e-22
4.168290000000000e-06	1.000000e+00	4.163336e-17	0.000000e+00
4.175190000000000e-06	1.000000e+00	3.469447e-18	0.000000e+00
4.175880000000000e-06	1.000000e+00	0.000000e+00	-2.117582e-22
4.181399999999999e-06	1.000000e+00	-6.938894e-18	-4.235165e-22
4.182089999999999e-06	1.000000e+00	1.387779e-17	0.000000e+00
4.188989999999999e-06	1.000000e+00	-3.469447e-18	0.000000e+00
4.189679999999999e-06	1.000000e+00	0.000000e+00	-2.117582e-22
4.195199999999999e-06	1.000000e+00	-6.938894e-18	-8.470329e-22
4.195889999999999e-06	1.000000e+00	1.387779e-17	0.000000e+00
4.202790000000000e-06	1.000000e+00	0.000000e+00	0.000000e+00
4.203480000000000e-06	1.000000e+00	0.000000e+00	0.000000e+00
4.203894000000000e-06	1.000000e+00	-8.095376e-18	-1.058791e-22
4.209000000000000e-06	1.000000e+00	-6.938894e-18	-8.470329e-22
4.209690000000000e-06	1.000000e+00	4.163336e-17	0.000000e+00
4.216590000000000e-06	1.000000e+00	3.469447e-18	0.000000e+00
4.217280000000000e-06	1.000000e+00	0.000000e+00	2.117582e-22
4.222800000000000e-06	1.000000e+00	-6.938894e-18	-1.058791e-21
4.223490000000000e-06	1.000000e+00	2.775558e-17	0.000000e+00
4.230389999999999e-06	1.000000e+00	3.469447e-18	0.000000e+00
4.231079999999999e-06	1.000000e+00	0.000000e+00	2.117582e-22
4.236599999999999e-06	1.000000e+00	-6.938894e-18	-1.058791e-21
4.237289999999999e-06	1.000000e+00	2.775558e-17	0.000000e+00
4.244190000000000e-06	1.000000e+00	3.469447e-18	0.000000e+00
4.244880000000000e-06	1.000000e+00	0.000000e+00	-2.117582e-22
4.250400000000000e-06	1.000000e+00	-6.938894e-18	-4.235165e-22
4.251090000000000e-06	1.000000e+00	1.387779e-17	0.000000e+00
4.257990000000000e-06	1.000000e+00	-3.469447e-18	0.000000e+00
4.258680000000000e-06	1.000000e+00	0.000000e+00	-2.117582e-22
4.264200000000000e-06	1.000000e+00	-6.938894e-18	-8.470329e-22
4.264890000000000e-06	1.000000e+00	4.163336e-17	0.000000e+00
4.271790000000000e-06	1.000000e+00	3.469447e-18	0.000000e+00
4.272480000000000e-06	1.000000e+00	0.000000e+00	-2.117582e-22
4.278000000000000e-06	1.000000e+00	-6.938894e-18	-4.235165e-22
4.278690000000000e-06	1.000000e+00	1.387779e-17	0.000000e+00
4.285589999999999e-06	1.000000e+00	-3.469447e-18	0.000000e+00
4.286279999999999e-06	1.000000e+00	0.000000e+00	-2.117582e-22
4.291799999999999e-06	1.000000e+00	-6.938894e-18	-8.470329e-22
4.292489999999999e-06	1.000000e+00	1.387779e-17	0.000000e+00
4.299390000000000e-06	1.000000e+00	0.000000e+00	0.000000e+00
4.300080000000000e-06	1.000000e+00	0.000000e+00	0.000000e+00
4.305600000000000e-06	1.000000e+00	-6.938894e-18	-8.470329e-22
4.306290000000000e-06	1.000000e+00	4.163336e-17	0.000000e+00
4.313190000000000e-06	1.000000e+00	3.469447e-18	0.000000e+00
4.313880000000000e-06	1.000000e+00	0.000000e+00	2.117582e-22
4.319400000000000e-06	1.000000e+00	-6.938894e-18	-1.058791e-21
4.320090000000000e-06	1.000000e+00	2.775558e-17	0.000000e+00
4.326990000000000e-06	1.000000e+00	3.469447e-18	0.000000e+00
4.327680000000000e-06	1.000000e+00	0.000000e+00	2.117582e-22
4.333199999999999e-06	1.000000e+00	-6.938894e-18	-1.058791e-21
4.333889999999999e-06	1.000000e+00	2.775558e-17	0.000000e+00
4.340789999999999e-06	1.000000e+00	3.469447e-18	0.000000e+00
4.341479999999999e-06	1.000000e+00	0.000000e+00	2.117582e-22
4.346999999999999e-06	1.000000e+00	-6.938894e-18	-1.058791e-21
4.347689999999999e-06	1.000000e+00	2.775558e-17	0.000000e+00
4.354590000000000e-06	1.000000e+00	3.469447e-18	0.000000e+00
4.355280000000000e-06	1.000000e+00	0.000000e+00	-2.117582e-22
4.360800000000000e-06	1.000000e+00	-6.938894e-18	-4.235165e-22
4.361490000000000e-06	1.000000e+00	1.387779e-17	0.000000e+00
4.368390000000000e-06	1.000000e+00	-3.469447e-18	0.000000e+00
4.369080000000000e-06	1.000000e+00	0.000000e+00	-2.117582e-22
4.374600000000000e-06	1.000000e+00	-6.938894e-18	-8.470329e-22
4.375290000000000e-06	1.000000e+00	4.163336e-17	0.000000e+00
4.382189999999999e-06	1.000000e+00	3.469447e-18	0.000000e+00
4.382879999999999e-06	1.000000e+00	0.000000e+00	-2.117582e-22
4.388399999999999e-06	1.000000e+00	-6.938894e-18	-4.235165e-22
4.389089999999999e-06	1.000000e+00	2.775558e-17	0.000000e+00
4.395990000000000e-06	1.000000e+00	0.000000e+00	0.000000e+00
4.396680000000000e-06	1.000000e+00	0.000000e+00	0.000000e+00
4.402200000000000e-06	1.000000e+00	-6.938894e-18	-8.470329e-22
4.402890000000000e-06	1.000000e+00	4.163336e-17	0.000000e+00
4.409790000000000e-06	1.000000e+00	3.469447e-18	0.000000e+00
4.410480000000000e-06	1.000000e+00	0.000000e+00	2.117582e-22
4.416000000000000e-06	1.000000e+00	-6.938894e-18	-1.058791e-21
4.416690000000000e-06	1.000000e+00	2.775558e-17	0.000000e+00
4.423590000000000e-06	1.000000e+00	3.469447e-18	0.000000e+00
4.424280000000000e-06	1.000000e+00	0.000000e+00	2.117582e-22
4.429799999999999e-06	1.000000e+00	-6.938894e-18	-1.058791e-21
4.430489999999999e-06	1.000000e+00	2.775558e-17	0.000000e+00
4.437389999999999e-06	1.000000e+00	3.469447e-18	0.000000e+00
4.438079999999999e-06	1.000000e+00	0.000000e+00	2.117582e-22
4.443599999999999e-06	1.000000e+00	-6.938894e-18	-1.058791e-21
4.444289999999999e-06	1.000000e+00	2.775558e-17	0.000000e+00
4.451190000000000e-06	1.000000e+00	3.469447e-18	0.000000e+00
4.451880000000000e-06	1.000000e+00	0.000000e+00	-2.117582e-22
4.457400000000000e-06	1.000000e+00	-6.938894e-18	-4.235165e-22
4.458090000000000e-06	1.000000e+00	1.387779e-17	0.000000e+00
4.464990000000000e-06	1.000000e+00	-3.469447e-18	0.000000e+00
4.465680000000000e-06	1.000000e+00	0.000000e+00	-2.117582e-22
4.471200000000000e-06	1.000000e+00	-6.938894e-18	-8.470329e-22
4.471890000000000e-06	1.000000e+00	4.163336e-17	0.000000e+00
4.478790000000000e-06	1.000000e+00	3.469447e-18	0.000000e+00
4.479480000000000e-06	1.000000e+00	0.000000e+00	-2.117582e-22
4.484999999999999e-06	1.000000e+00	-6.938894e-18	-4.235165e-22
4.485689999999999e-06	1.000000e+00	2.775558e-17	0.000000e+00
4.492590000000000e-06	1.000000e+00	0.000000e+00	0.000000e+00
4.493280000000000e-06	1.000000e+00	0.000000e+00	0.000000e+00
4.498800000000000e-06	1.000000e+00	-6.938894e-18	-8.470329e-22
4.499490000000000e-06	1.000000e+00	4.163336e-17	0.000000e+00
4.506390000000000e-06	1.000000e+00	3.469447e-18	0.000000e+00
4.507080000000000e-06	1.000000e+00	0.000000e+00	2.117582e-22
4.512600000000000e-06	1.000000e+00	-6.938894e-18	-1.058791e-21
4.513290000000000e-06	1.000000e+00	2.775558e-17	0.000000e+00
4.520190000000000e-06	1.000000e+00	3.469447e-18	0.000000e+00
4.520880000000000e-06	1.000000e+00	0.000000e+00	2.117582e-22
4.526400000000000e-06	1.000000e+00	-6.938894e-18	-1.058791e-21
4.527090000000000e-06	1.000000e+00	2.775558e-17	0.000000e+00
4.533989999999999e-06	1.000000e+00	3.469447e-18	0.000000e+00
4.534679999999999e-06	1.000000e+00	0.000000e+00	2.117582e-22
4.540199999999999e-06	1.000000e+00	-6.938894e-18	-1.058791e-21
4.540889999999999e-06	1.000000e+00	2.775558e-17	0.000000e+00
4.547790000000000e-06	1.000000e+00	3.469447e-18	0.000000e+00
4.548480000000000e-06	1.000000e+00	0.000000e+00	-2.117582e-22
4.554000000000000e-06	1.000000e+00	-6.938894e-18	-4.235165e-22
4.554690000000000e-06	1.000000e+00	1.387779e-17	0.000000e+00
4.561590000000000e-06	1.000000e+00	-3.469447e-18	0.000000e+00
4.562280000000000e-06	1.000000e+00	0.000000e+00	-2.117582e-22
4.567800000000000e-06	1.000000e+00	-6.938894e-18	-8.470329e-22
4.568490000000000e-06	1.000000e+00	4.163336e-17	0.000000e+00
4.575390000000000e-06	1.000000e+00	3.469447e-18	0.000000e+00
4.576080000000000e-06	1.000000e+00	0.000000e+00	-2.117582e-22
4.581599999999999e-06	1.000000e+00	-6.938894e-18	-4.235165e-22
4.582289999999999e-06	1.000000e+00	1.387779e-17	0.000000e+00
4.589189999999999e-06	1.000000e+00	-3.469447e-18	0.000000e+00
4.589879999999999e-06	1.000000e+00	0.000000e+00	-2.117582e-22
4.595399999999999e-06	1.000000e+00	-6.938894e-18	-8.470329e-22
4.596089999999999e-06	1.000000e+00	1.387779e-17	0.000000e+00
4.602990000000000e-06	1.000000e+00	0.000000e+00	0.000000e+00
4.603680000000000e-06	1.000000e+00	0.000000e+00	0.000000e+00
4.609200000000000e-06	1.000000e+00	-6.938894e-18	-8.470329e-22
4.609890000000000e-06	1.000000e+00	4.163336e-17	0.000000e+00
4.616790000000000e-06	1.000000e+00	3.469447e-18	0.000000e+00
4.617480000000000e-06	1.000000e+00	0.000000e+00	2.117582e-22
4.623000000000000e-06	1.000000e+00	-6.938894e-18	-1.058791e-21
4.623690000000000e-06	1.000000e+00	2.775558e-17	0.000000e+00
4.630589999999999e-06	1.000000e+00	3.469447e-18	0.000000e+00
4.631279999999999e-06	1.000000e+00	0.000000e+00	2.117582e-22
4.636799999999999e-06	1.000000e+00	-6.938894e-18	-1.058791e-21
4.637489999999999e-06	1.000000e+00	2.775558e-17	0.000000e+00
4.644390000000000e-06	1.000000e+00	3.469447e-18	0.000000e+00
4.645080000000000e-06	1.000000e+00	0.000000e+00	-2.117582e-22
4.650600000000000e-06	1.000000e+00	-6.938894e-18	-4.235165e-22
4.651290000000000e-06	1.000000e+00	1.387779e-17	0.000000e+00
4.658190000000000e-06	1.000000e+00	-3.469447e-18	0.000000e+00
4.658880000000000e-06	1.000000e+00	0.000000e+00	-2.117582e-22
4.664400000000000e-06	1.000000e+00	-6.938894e-18	-8.470329e-22
4.665090000000000e-06	1.000000e+00	4.163336e-17	0.000000e+00
4.671990000000000e-06	1.000000e+00	3.469447e-18	0.000000e+00
4.672680000000000e-06	1.000000e+00	0.000000e+00	-2.117582e-22
4.676875200000000e-06	1.000000e+00	-2.168404e-18	-5.293956e-23
4.678200000000000e-06	1.000000e+00	-6.938894e-18	-4.235165e-22
4.678890000000000e-06	1.000000e+00	1.387779e-17	0.000000e+00
4.685789999999999e-06	1.000000e+00	-3.469447e-18	0.000000e+00
4.686479999999999e-06	1.000000e+00	0.000000e+00	-2.117582e-22
4.691999999999999e-06	1.000000e+00	-6.938894e-18	-8.470329e-22
4.692689999999999e-06	1.000000e+00	1.387779e-17	0.000000e+00
4.699590000000000e-06	1.000000e+00	0.000000e+00	0.000000e+00
4.700280000000000e-06	1.000000e+00	0.000000e+00	0.000000e+00
4.705800000000000e-06	1.000000e+00	-6.938894e-18	-8.470329e-22
4.706490000000000e-06	1.000000e+00	4.163336e-17	0.000000e+00
4.713390000000000e-06	1.000000e+00	3.469447e-18	0.000000e+00
4.714080000000000e-06	1.000000e+00	0.000000e+00	2.117582e-22
4.719600000000000e-06	1.000000e+00	-6.938894e-18	-1.058791e-21
4.720290000000000e-06	1.000000e+00	2.775558e-17	0.000000e+00
4.727190000000000e-06	1.000000e+00	3.469447e-18	0.000000e+00
4.727880000000000e-06	1.000000e+00	0.000000e+00	2.117582e-22
4.733399999999999e-06	1.000000e+00	-6.938894e-18	-1.058791e-21
4.734089999999999e-06	1.000000e+00	2.775558e-17	0.000000e+00
4.740989999999999e-06	1.000000e+00	3.469447e-18	0.000000e+00
4.741679999999999e-06	1.000000e+00	0.000000e+00	2.117582e-22
4.747199999999999e-06	1.000000e+00	-6.938894e-18	-1.058791e-21
4.747889999999999e-06	1.000000e+00	2.775558e-17	0.000000e+00
4.754790000000000e-06	1.000000e+00	3.469447e-18	0.000000e+00
4.755480000000000e-06	1.000000e+00	0.000000e+00	-2.117582e-22
4.761000000000000e-06	1.000000e+00	-6.938894e-18	-4.235165e-22
4.761690000000000e-06	1.000000e+00	1.387779e-17	0.000000e+00
4.768590000000000e-06	1.000000e+00	-3.469447e-18	0.000000e+00
4.769280000000000e-06	1.000000e+00	0.000000e+00	-2.117582e-22
4.774800000000000e-06	1.000000e+00	-6.938894e-18	-8.470329e-22
4.775490000000000e-06	1.000000e+00	4.163336e-17	0.000000e+00
4.782389999999999e-06	1.000000e+00	3.469447e-18	0.000000e+00
4.783079999999999e-06	1.000000e+00	0.000000e+00	-2.117582e-22
4.788599999999999e-06	1.000000e+00	-6.938894e-18	-4.235165e-22
4.789289999999999e-06	1.000000e+00	2.775558e-17	0.000000e+00
4.796190000000000e-06	1.000000e+00	0.000000e+00	0.000000e+00
4.796880000000000e-06	1.000000e+00	0.000000e+00	0.000000e+00
4.802400000000000e-06	1.000000e+00	-6.938894e-18	-8.470329e-22
4.803090000000000e-06	1.000000e+00	4.163336e-17	0.000000e+00
4.809990000000000e-06	1.000000e+00	3.469447e-18	0.000000e+00
4.810680000000000e-06	1.000000e+00	0.000000e+00	2.117582e-22
4.816200000000000e-06	1.000000e+00	-6.938894e-18	-1.058791e-21
4.816890000000000e-06	1.000000e+00	2.775558e-17	0.000000e+00
4.823790000000000e-06	1.000000e+00	3.469447e-18	0.000000e+00
4.824480000000000e-06	1.000000e+00	0.000000e+00	2.117582e-22
4.829999999999999e-06	1.000000e+00	-6.938894e-18	-1.058791e-21
4.830689999999999e-06	1.000000e+00	2.775558e-17	0.000000e+00
4.837589999999999e-06	1.000000e+00	3.469447e-18	0.000000e+00
4.838279999999999e-06	1.000000e+00	0.000000e+00	2.117582e-22
4.843799999999999e-06	1.000000e+00	-6.938894e-18	-1.058791e-21
4.844489999999999e-06	1.000000e+00	2.775558e-17	0.000000e+00
4.851390000000000e-06	1.000000e+00	3.469447e-18	0.000000e+00
4.852080000000000e-06	1.000000e+00	0.000000e+00	-2.117582e-22
4.857600000000000e-06	1.000000e+00	-6.938894e-18	-4.235165e-22
4.858290000000000e-06	1.000000e+00	1.387779e-17	0.000000e+00
4.865190000000000e-06	1.000000e+00	-3.469447e-18	0.000000e+00
4.865880000000000e-06	1.000000e+00	0.000000e+00	-2.117582e-22
4.871400000000000e-06	1.000000e+00	-6.938894e-18	-8.470329e-22
4.872090000000000e-06	1.000000e+00	4.163336e-17	0.000000e+00
4.878990000000000e-06	1.000000e+00	3.469447e-18	0.000000e+00
4.879680000000000e-06	1.000000e+00	0.000000e+00	-2.117582e-22
4.885199999999999e-06	1.000000e+00	-6.938894e-18	-4.235165e-22
4.885889999999999e-06	1.000000e+00	1.387779e-17	0.000000e+00
4.892789999999999e-06	1.000000e+00	-3.469447e-18	0.000000e+00
4.893479999999999e-06	1.000000e+00	0.000000e+00	-2.117582e-22
4.898999999999999e-06	1.000000e+00	-6.938894e-18	-8.470329e-22
4.899689999999999e-06	1.000000e+00	1.387779e-17	0.000000e+00
4.906590000000000e-06	1.000000e+00	0.000000e+00	0.000000e+00
4.907280000000000e-06	1.000000e+00	0.000000e+00	0.000000e+00
4.912800000000000e-06	1.000000e+00	-6.938894e-18	-8.470329e-22
4.913490000000000e-06	1.000000e+00	4.163336e-17	0.000000e+00
4.920390000000000e-06	1.000000e+00	3.469447e-18	0.000000e+00
4.921080000000000e-06	1.000000e+00	0.000000e+00	2.117582e-22
4.926600000000000e-06	1.000000e+00	-6.938894e-18	-1.058791e-21
4.927290000000000e-06	1.000000e+00	2.775558e-17	0.000000e+00
4.934189999999999e-06	1.000000e+00	3.469447e-18	0.000000e+00
4.934879999999999e-06	1.000000e+00	0.000000e+00	2.117582e-22
4.940399999999999e-06	1.000000e+00	-6.938894e-18	-1.058791e-21
4.941089999999999e-06	1.000000e+00	2.775558e-17	0.000000e+00
4.947990000000000e-06	1.000000e+00	3.469447e-18	0.000000e+00
4.948680000000000e-06	1.000000e+00	0.000000e+00	-2.117582e-22
4.954200000000000e-06	1.000000e+00	-6.938894e-18	-4.235165e-22
4.954890000000000e-06	1.000000e+00	1.387779e-17	0.000000e+00
4.961790000000000e-06	1.000000e+00	-3.469447e-18	0.000000e+00
4.962480000000000e-06	1.000000e+00	0.000000e+00	-2.117582e-22
4.968000000000000e-06	1.000000e+00	-6.938894e-18	-8.470329e-22
4.968690000000000e-06	1.000000e+00	4.163336e-17	0.000000e+00
4.975590000000000e-06	1.000000e+00	3.469447e-18	0.000000e+00
4.976280000000000e-06	1.000000e+00	0.000000e+00	-2.117582e-22
4.981799999999999e-06	1.000000e+00	-6.938894e-18	-4.235165e-22
4.982489999999999e-06	1.000000e+00	1.387779e-17	0.000000e+00
4.989389999999999e-06	1.000000e+00	-3.469447e-18	0.000000e+00
4.990079999999999e-06	1.000000e+00	0.000000e+00	-2.117582e-22
4.995599999999999e-06	1.000000e+00	-6.938894e-18	-8.470329e-22
4.996289999999999e-06	1.000000e+00	1.387779e-17	0.000000e+00
4.999409628000021e-06	1.000000e+00	0.000000e+00	0.000000e+00
5.000000000000000e-06	1.000000e+00	0.000000e+00	0.000000e+00
